p cnf 108 3315
c There is a bug which mis-counts the number of variables
c https://toughsat.appspot.com/
c http://www.wolframalpha.com/input/?i=(1101011001+base+2,+1000111011+base+2)
c Factors encoded in variables 1-10 and 11-20
c Target number: 489347
c Factors: 857 x 571
2 -15 -14 13 26 23 -22 22 22 0
-54 -14 19 -53 0
-44 42 40 54 61 -58 0
-46 57 50 -66 -64 -63 62 60 59 -58 0
-44 42 -57 56 50 69 68 66 0
-46 42 57 -56 52 -67 65 61 -60 0
47 -42 38 -57 -56 68 67 64 63 0
46 44 40 -57 56 -50 -65 -64 -62 -61 0
47 46 38 56 -54 -63 60 -59 0
46 -44 56 -54 52 -50 -62 -61 -60 0
-42 38 -52 50 48 62 61 0
-46 42 40 -56 52 50 -65 -64 -62 0
-47 -44 42 56 -52 69 -65 -63 62 -59 0
-46 -44 -42 -52 50 -69 -66 58 0
-10 -8 7 -18 -16 36 34 -33 0
-4 -14 -27 -22 0
-81 -67 -37 -80 0
-47 -44 -50 69 67 64 61 60 -59 -58 0
-46 44 -40 -57 50 48 -64 -63 -61 -60 0
-44 -42 -40 -57 54 50 69 68 65 60 59 0
-47 44 -42 57 56 -54 50 -48 67 64 0
47 42 38 52 -63 -61 59 0
-28 -91 90 89 88 87 -22 0
-7 6 -18 31 30 29 0
47 46 -42 -38 -56 54 52 64 -63 0
-47 -42 -40 -57 56 -54 -67 65 -64 -63 59 0
5 -3 -2 -15 -14 25 24 0
46 40 -38 56 -54 67 -66 -64 63 -62 0
4 3 -15 -12 -23 0
63 -35 -34 -78 -75 0
-10 -8 -20 18 -17 -34 32 -29 0
22 37 -108 0
-46 44 42 38 56 48 63 -60 0
9 19 18 17 -31 0
-75 -74 23 91 90 0
-73 -71 22 22 89 87 0
54 -50 -68 -65 -64 -62 -60 -58 0
-44 42 40 57 -66 -63 60 -59 0
40 -54 66 65 64 -63 62 61 60 -58 0
-46 40 -57 52 69 68 64 60 -59 0
-47 -44 -42 56 -48 66 65 64 60 0
-77 76 25 -93 -92 0
4 -3 -2 -14 22 0
44 54 52 50 -61 0
5 3 14 25 -24 -23 0
9 8 7 19 -31 0
-46 44 -57 -54 48 67 -64 -63 -61 60 0
62 61 -32 -74 -73 0
-9 20 -18 -17 35 32 -29 -28 0
40 -57 -56 -54 69 68 65 -64 0
47 46 -44 56 54 66 -65 0
-9 -7 -20 -33 31 29 -28 0
-46 44 40 -56 -54 52 62 -60 -59 0
-10 -20 -19 18 17 32 -31 -29 -28 0
-47 46 54 50 -67 65 -63 62 -61 0
31 95 102 0
-76 -71 24 23 22 22 22 92 87 0
46 44 57 56 52 -65 -63 59 58 0
-60 -58 -30 29 28 -72 0
-46 -42 -56 -54 -69 68 66 0
-71 24 23 22 22 22 94 93 87 0
46 -42 57 -56 -54 50 68 63 -62 -59 -58 0
-8 18 30 -28 0
-75 24 94 93 91 0
47 46 -57 52 -50 -65 -63 61 -60 -59 0
9 20 -17 35 33 -32 -29 -28 0
-47 -46 -44 42 -54 52 69 68 -65 -59 0
-35 -106 0
-5 15 13 12 25 -24 0
-47 -46 -44 -42 -40 -57 64 -59 58 0
-40 -38 -57 -56 -54 69 68 65 64 0
47 40 -50 -48 63 -62 61 60 59 0
-46 -42 40 57 50 48 64 -62 -60 0
-47 42 -56 54 50 64 63 -62 -58 0
-4 3 -14 13 27 -25 24 0
-22 -33 -99 104 0
8 -19 -17 37 33 32 29 -28 0
47 -40 -56 -54 -52 -50 -68 65 64 0
-98 100 0
47 40 54 -52 -50 -63 -60 59 0
75 -25 -24 -94 -91 0
-27 -24 90 -89 -88 22 0
-10 -9 -20 -18 -32 30 29 -28 0
9 8 20 19 18 -17 33 -32 0
-77 -72 25 24 23 22 22 93 88 0
-46 38 56 -54 -52 48 63 -60 0
-44 38 57 -56 -54 52 -65 63 62 -60 0
-3 -13 25 24 23 22 0
-47 -44 -52 -50 -67 66 65 61 -60 59 0
-50 12 -17 -49 0
44 42 -40 57 56 -54 65 -64 -58 0
44 40 38 52 48 -62 0
4 -15 -14 13 27 -22 -22 -22 0
-10 -9 -8 17 -33 -29 -28 0
42 -56 -69 -65 64 -61 60 -59 0
-9 -8 -20 18 -16 37 34 -30 -29 0
-46 42 -50 -48 -62 -61 60 58 0
-10 9 7 20 33 32 -29 0
-3 -8 43 0
-95 -79 -26 -94 0
-47 -46 -42 -54 -52 -50 69 68 64 -60 -59 0
-57 54 -50 -48 69 64 62 -61 60 -59 0
-10 -9 8 -19 17 35 34 33 28 0
-42 57 -56 54 52 50 64 -63 58 0
-44 -42 -54 -50 61 -60 -59 -58 0
77 -94 -93 0
-9 -7 -6 -20 -19 17 -34 33 0
-47 -46 44 -40 57 54 68 -63 60 59 -58 0
47 46 38 -56 54 63 -60 -59 0
46 -44 -42 57 54 -50 -67 66 0
4 -14 13 12 22 0
-4 -9 45 0
9 -20 -19 -18 -16 -36 -29 0
-42 38 -50 61 60 59 0
-73 -71 -22 22 -89 87 0
44 38 57 -56 -52 66 -65 63 -61 59 0
44 -42 -40 57 54 48 -68 -64 -63 0
-76 94 93 92 0
-8 -41 43 0
-44 -42 -40 56 52 -50 67 -66 -65 64 0
-52 -50 68 -67 66 -63 -62 60 -58 0
-4 -3 -13 -12 25 22 22 0
4 -15 13 26 -25 -24 0
-47 -46 38 -56 54 -50 63 -62 -60 -59 0
-4 -2 14 -12 -25 23 -22 0
-5 -10 47 0
32 103 -104 0
-46 56 -54 50 -62 -61 60 -59 0
56 -15 20 55 0
-5 -15 -13 -24 23 0
42 40 56 -54 -52 -67 -66 -65 -62 0
-76 -74 24 23 92 90 0
31 -95 -102 0
44 -42 40 -57 -56 -65 63 -62 -61 -59 0
-5 -2 -13 12 26 -24 23 22 0
-76 -75 24 92 91 0
10 -18 36 35 33 -32 31 30 -28 0
27 93 92 91 -102 0
-47 -44 42 40 -56 50 65 64 63 58 0
-62 -61 32 74 73 0
46 -42 -40 -57 -54 50 -65 -62 -61 58 0
46 56 52 -69 0
40 -54 -50 -48 -65 64 63 -62 60 58 0
70 -25 -24 -23 -22 -22 -22 -94 0
60 58 -30 -29 -28 -72 0
8 18 36 34 32 -31 -30 0
8 18 -37 -35 31 30 29 0
2 3 4 5 6 7 8 9 10 0
-44 40 -57 -56 52 69 65 -63 -59 0
-58 35 34 33 32 31 30 29 28 78 0
-46 40 57 56 48 63 62 -59 0
-15 -55 57 0
73 -71 -22 22 89 87 0
-46 40 -56 -54 -62 -61 -58 0
-77 -76 25 93 92 0
-46 42 -40 -54 50 67 65 63 -61 59 0
54 14 19 -53 0
-9 8 -6 20 36 33 -31 -30 28 0
10 9 -36 0
-77 -74 25 24 23 93 90 0
47 44 -42 -40 -38 -57 54 64 -62 -59 0
-42 40 -57 56 69 64 63 -62 -59 -58 0
-5 4 -3 -13 27 23 -22 -22 0
-81 67 37 -80 0
85 69 84 0
-42 40 -57 56 -66 65 63 -62 61 -60 0
-9 -8 19 18 -17 -31 -29 -28 0
44 42 50 -69 67 -66 -61 0
47 -46 44 -42 40 -56 54 -52 -64 -63 59 0
-46 -44 -42 38 54 62 -59 0
7 18 16 -30 0
-22 37 108 0
-44 42 -57 52 66 -65 63 -59 0
-46 -42 -57 69 -64 62 61 59 -58 0
-47 -44 -38 68 67 64 -63 61 60 -59 0
54 -48 -69 -67 -66 -64 60 58 0
-4 3 -15 -14 -26 -25 0
9 7 6 18 16 -32 0
-46 -42 57 54 -50 -48 -66 65 64 0
-44 42 -40 -56 54 -52 50 -66 64 58 0
10 -9 8 20 -17 32 -31 30 0
-46 -56 54 -52 -50 63 -62 -61 59 0
-9 -19 -17 16 -32 -30 29 0
-7 17 29 -28 0
-4 15 12 24 -23 22 0
-40 38 -57 66 -65 64 -62 61 -60 0
-47 -46 44 -56 54 -50 66 -65 64 63 60 0
-10 -8 -20 -17 37 33 30 0
-9 -20 -19 -18 16 -32 -29 0
47 -42 40 57 -56 -54 -52 -65 60 58 0
-40 -56 -54 52 -48 67 66 -64 63 -60 0
-74 -73 22 90 89 0
-9 -20 18 17 35 34 29 -28 0
44 -40 -57 52 -65 64 -63 -62 -61 59 0
5 -2 15 -14 -13 -12 -23 -22 0
47 44 42 40 -54 65 -64 0
-4 -2 15 -14 12 -23 22 -22 0
-47 46 -40 -56 -52 48 -65 62 61 59 0
95 79 26 94 0
-10 -7 20 19 32 -31 -28 0
47 46 40 -38 -57 -56 -54 -65 64 0
-47 42 -40 -57 -54 67 -65 -64 63 -58 0
-8 7 6 -20 -19 -18 -35 0
10 -9 -8 -7 -18 17 -34 -33 0
-40 -50 -59 -58 0
28 27 91 0
40 50 -59 0
46 -44 -56 54 -52 48 69 -64 -63 -61 0
47 -42 38 -56 54 -52 -63 62 -61 -59 0
44 -56 -54 -52 48 62 -59 0
44 42 -54 50 -61 -60 -59 0
-47 -57 -54 -68 -64 -60 -59 -58 0
4 9 -45 0
-47 44 40 -57 -54 -52 -50 -48 65 58 0
9 19 -18 -17 -31 -28 0
-47 -46 44 42 57 -54 50 68 -63 -59 0
-47 -44 56 -52 65 62 61 60 59 0
47 46 -68 0
3 -15 -14 -13 27 26 22 0
-46 57 -67 -65 64 63 -61 -60 59 0
-31 95 -102 0
7 -20 36 34 32 30 29 -28 0
-10 9 -20 19 36 28 0
47 40 -56 -54 -52 -68 65 59 58 0
44 40 -50 61 -60 59 0
46 56 -50 -66 63 62 61 -60 59 0
42 -40 -57 -56 -54 69 67 -66 65 0
-10 -18 -17 36 35 31 -30 29 0
-47 -56 52 50 69 68 -63 -62 -59 -58 0
-29 28 -92 -22 0
72 71 22 88 -87 0
24 23 -87 86 22 0
-76 71 24 -23 -22 -22 -22 -92 -87 0
-10 8 -19 -18 17 35 -34 -33 0
75 -74 -23 91 90 0
46 42 56 52 -68 -64 -60 -59 0
-46 -44 -42 38 -56 48 -63 -60 0
-47 46 40 38 -56 52 48 64 -63 -62 0
47 -44 42 57 56 -65 -64 -60 0
10 -8 19 18 32 31 30 -29 0
-44 -40 -57 -56 -54 52 68 -65 -64 58 0
-42 -52 -67 -66 -64 -62 -61 59 0
-7 -6 -20 -18 36 -35 34 -32 29 0
-10 -7 -18 17 36 -34 33 31 0
64 58 -34 -33 -32 -31 -30 -29 -28 -76 0
5 -2 -13 -26 24 23 0
40 -52 48 60 -59 0
-52 -13 18 -51 0
-44 42 56 -52 -50 -62 61 60 -59 0
44 54 52 -69 67 66 0
64 63 -34 -76 -75 0
-29 24 -92 91 90 89 88 -22 -22 0
8 19 16 -31 -29 0
44 -57 -56 -54 50 48 63 -60 0
-47 -46 38 -54 -68 -63 -60 -59 0
46 40 -38 57 -66 -63 62 61 58 0
-8 7 -17 16 31 29 0
44 40 -54 52 50 -68 66 65 64 0
-29 -93 102 22 0
-46 -44 40 56 -54 -62 61 59 -58 0
47 -46 -44 -42 -40 57 -63 -58 0
-47 46 -57 56 67 65 -63 -58 0
-47 -46 44 -42 -38 -57 56 -52 50 66 0
9 -20 19 36 32 -29 -28 0
47 -42 40 57 -56 -54 -52 -65 -63 0
75 74 23 91 -90 0
-44 -40 57 -56 -54 -52 -50 68 66 0
6 17 35 -34 32 30 -29 0
-44 42 -50 48 62 60 59 0
-44 -42 -40 57 50 63 -60 59 0
46 44 -42 40 -56 64 -63 61 59 58 0
-44 40 -56 -54 69 -68 63 -60 -58 0
46 -44 -54 69 65 63 62 -59 -58 0
9 -8 7 -19 17 33 -32 28 0
47 57 -54 -52 66 -63 60 -59 -58 0
28 93 92 -102 0
8 -7 -20 37 36 34 33 0
-47 54 -52 -50 69 67 -65 64 -62 59 58 0
-47 46 38 -57 -56 48 -64 61 -60 0
-9 8 7 19 -16 31 0
30 93 -102 0
-44 -40 -56 -52 48 68 65 -64 -63 -62 0
-62 -59 -32 31 30 -74 71 0
-46 38 -54 -52 -50 -62 -59 0
-44 -42 -56 -54 -52 69 66 64 -58 0
-38 -56 62 61 60 59 58 0
-10 -9 -20 -17 -32 -30 29 -28 0
-9 8 20 -18 -35 -34 0
44 -42 -54 50 -67 66 -65 -64 58 0
-46 -40 -57 -52 -50 69 -66 65 64 63 0
74 72 -22 -22 -90 -88 0
-42 -40 -56 -54 52 -69 -66 65 0
47 46 44 -40 57 -54 -64 -63 -60 0
-10 -8 -20 -18 -35 34 -31 -30 0
-46 -54 -52 50 69 -68 64 -63 59 -58 0
-42 40 -57 54 52 -68 66 65 -64 0
10 -8 7 19 -17 35 -33 -32 -30 0
-47 -42 -56 52 -50 69 65 64 63 -61 -59 0
-46 -44 38 -52 -69 66 -65 61 60 0
-72 71 22 -88 -87 0
-47 -46 42 40 54 67 -64 -61 0
44 57 52 50 -67 66 -65 59 0
-44 57 -56 -54 68 66 64 -62 -58 0
-46 -44 -56 68 67 65 0
15 -27 0
-42 -57 -52 50 68 66 65 64 62 59 0
60 -59 -30 72 71 0
66 -65 -64 -63 62 -61 -60 -58 0
-46 40 38 -52 -62 -60 0
6 -19 -18 -17 37 36 32 -29 0
-7 -20 -19 -17 36 -34 -33 28 0
77 -25 -94 0
33 104 -105 0
47 -42 38 56 54 -63 -62 -59 0
44 42 54 -52 50 61 -59 0
10 -8 -7 -20 -19 35 34 0
-58 28 70 0
30 26 92 91 90 -102 0
-27 23 -90 89 88 87 86 0
-10 -7 -19 37 36 33 30 -29 0
-47 46 -44 -42 -57 56 -54 -52 -67 66 0
-59 -58 29 28 71 0
-44 -42 -57 -56 69 67 66 0
-47 -42 40 -56 -54 -52 -50 69 -65 0
47 44 42 57 56 -50 65 -64 63 0
14 13 -12 -26 -25 -23 -22 0
9 20 19 18 16 -32 0
-2 -7 41 0
-47 46 -44 -42 -57 -56 54 -67 58 0
47 42 38 -56 54 -52 -50 -63 -62 -59 0
-46 -42 40 57 -54 52 50 65 -63 58 0
54 14 -19 53 0
-46 38 54 52 50 62 -59 0
47 -46 -44 40 38 -56 48 64 -61 0
-2 -12 0
-47 -46 -44 42 40 -56 52 65 -62 61 0
-58 -28 -70 0
11 0
77 72 -24 -23 -22 -22 -94 -88 0
-47 46 42 -54 52 69 68 66 0
-65 -60 -35 34 33 32 31 -77 72 0
-42 40 56 54 68 -67 65 -62 59 0
-64 -63 34 76 75 0
-3 13 22 0
44 -42 -40 -57 56 54 69 66 64 0
46 -57 -56 54 52 48 -63 -62 -60 -59 0
-79 -66 -36 -78 0
58 -35 -34 -33 -32 -31 -30 -29 -28 -78 0
-61 -59 31 30 73 71 0
-47 46 44 -54 50 69 68 66 0
-64 -61 -34 33 32 -76 73 0
9 7 18 17 -37 -33 0
-47 40 -54 -50 -48 -63 -62 61 58 0
-10 -9 8 -7 -19 -17 -16 37 -34 0
-75 71 23 -22 -22 -22 -91 -87 0
46 -44 -42 -40 57 -52 50 67 -64 -62 58 0
42 -54 48 61 -59 0
-16 49 0
-47 44 -42 -57 -54 63 -62 -60 -58 0
8 7 18 17 -36 -34 0
46 -44 -57 69 67 66 0
44 -42 -38 57 54 -52 63 62 61 -60 0
57 56 54 52 50 -64 0
47 44 -42 -40 38 57 -56 -54 52 -64 -60 0
-101 -85 100 0
-47 -42 40 -57 56 54 65 62 -61 59 0
47 46 42 57 54 65 -64 -63 0
-47 46 42 40 54 67 64 -63 -62 0
-3 -13 12 -26 -25 -24 -22 0
-47 -44 57 56 -52 50 48 65 -64 0
17 -37 -35 32 29 -28 0
46 42 40 54 50 -64 -63 60 0
44 40 38 -52 62 -61 60 0
-42 56 -54 50 -48 -67 -65 64 63 -62 0
-47 -57 -56 -52 -50 -48 64 -63 61 0
47 44 40 57 -56 66 -65 -63 0
-47 -46 -44 -42 -40 57 -48 -64 0
-44 -56 -54 -52 48 -62 -59 0
25 88 87 -22 0
-65 -59 -35 34 33 32 31 30 -77 71 0
-5 -3 13 27 26 -23 -22 22 0
47 -46 -44 -42 -54 52 50 -66 59 58 0
-7 -20 19 37 36 32 -31 -28 0
-9 -19 18 17 -36 -35 0
-15 -20 57 0
9 8 -20 36 -35 0
9 19 -36 -35 32 29 -28 0
-4 -3 14 13 -12 -22 0
-42 40 -56 54 -52 50 68 67 65 -63 -62 0
73 -72 -22 89 88 0
-44 42 -57 -56 -54 -67 -66 0
46 -44 40 56 54 -52 65 -64 -63 0
42 38 52 48 -61 0
4 14 26 -25 -24 0
-26 24 -89 88 -22 0
71 87 86 0
64 59 -34 -33 -32 -31 -30 -76 -71 0
-2 -12 -27 26 25 -23 22 0
-46 40 56 50 48 64 -62 60 0
-47 42 -40 -52 48 65 -64 63 61 0
-46 -44 -40 56 66 -63 62 -58 0
-46 -56 69 -68 67 64 -63 61 -58 0
60 -35 -34 -33 -32 -31 -78 -72 0
38 48 -59 0
63 -60 -33 32 31 75 72 0
47 40 52 -68 -65 -63 -62 -61 59 0
5 4 15 14 13 -23 0
-47 57 -56 -50 -67 -65 63 -59 -58 0
47 46 57 65 -64 -63 62 -60 -58 0
44 -42 -57 54 52 50 65 -64 62 59 0
-44 -40 54 52 -61 60 59 0
-47 -46 -44 -42 57 -50 -65 -64 0
-74 71 22 -22 -22 -90 -87 0
-40 50 -48 59 0
-10 6 19 -18 -17 32 -29 0
-5 3 13 -12 -24 -23 -22 0
-44 -57 56 -54 68 64 63 -61 -58 0
10 -9 -8 -7 20 -17 -33 -32 0
-10 -8 -6 18 37 36 -33 -32 31 0
-47 46 38 -56 -54 -63 60 -59 0
65 58 -35 -34 -33 -32 -31 -30 -29 -28 -77 0
46 42 -54 -52 50 -62 61 60 0
4 -15 14 26 22 0
34 33 32 31 30 29 78 77 70 0
-63 -61 -33 32 -75 73 0
37 -22 0
-65 -63 35 34 77 75 0
-44 -42 -54 -52 50 68 67 -65 -64 59 0
46 -40 38 -57 -56 -54 50 68 -65 64 0
46 44 42 52 50 68 -66 -65 0
38 56 -54 -52 69 67 65 -63 -59 0
-9 8 -18 37 36 35 33 -32 0
46 -42 -56 54 -50 -62 61 59 -58 0
-76 -73 24 23 22 92 89 0
-62 35 34 33 78 74 0
-47 -46 44 -56 50 66 64 -61 59 -58 0
-46 -57 54 -52 -50 69 -63 -61 -60 -58 0
-56 -54 50 -69 68 65 64 63 -59 -58 0
18 17 16 -30 0
47 42 40 -57 -56 -67 66 -65 0
47 42 -40 -57 50 66 -65 -64 -60 0
47 44 42 56 -66 -65 0
9 7 20 -19 35 -34 -32 0
-25 -23 88 -87 -86 0
-9 -8 19 18 -36 34 29 28 0
29 92 91 90 89 88 87 -22 -22 0
-47 42 40 -57 -56 54 64 -61 59 -58 0
-47 -42 38 56 54 52 63 61 -59 0
-62 60 32 -31 -74 -72 0
-47 40 68 -65 63 -62 -61 60 -58 0
44 -42 -57 69 68 66 65 0
-46 40 56 54 -50 67 -65 -64 -62 0
47 -44 42 -40 -38 54 -52 -50 68 -65 63 0
-9 7 -17 -31 -30 29 0
8 18 17 -37 -35 -32 0
-47 -46 44 57 -52 -50 48 -64 -63 -61 -60 0
81 67 -37 -80 0
-47 46 -44 42 40 56 -54 -52 68 -65 63 0
-47 40 56 -54 -52 -50 64 -61 60 59 0
46 44 57 -52 48 -63 -62 -59 0
42 -40 38 -57 54 52 50 64 -63 0
-23 -93 -92 -91 -90 -89 -88 -87 -86 102 0
44 42 40 -57 54 68 -67 -65 -64 0
44 42 -40 56 52 -68 64 60 58 0
42 -40 38 56 -63 61 60 59 0
-46 56 54 52 48 63 -60 59 0
47 -44 42 -40 -57 56 -52 -50 -65 64 -62 0
8 -18 30 -28 0
46 -44 42 54 -50 62 -61 58 0
29 28 92 -22 0
-81 67 -37 80 0
-26 23 -89 88 87 86 0
6 -28 0
-46 38 57 -54 52 64 63 61 -59 0
5 4 -26 0
-46 44 56 -54 62 59 -58 0
-12 -17 51 0
62 -59 -32 31 30 74 71 0
-76 74 24 -23 -92 -90 0
-47 46 -57 -56 52 50 -64 -60 59 -58 0
36 -108 0
-74 72 22 -22 -90 -88 0
74 71 -22 -22 -22 -90 -87 0
-10 -8 -19 18 -17 -36 -35 0
-5 2 -14 -13 27 23 22 0
-46 -44 42 -57 56 -54 69 -66 65 0
-4 -2 -14 -13 26 25 22 0
-5 -2 -14 27 26 23 22 0
46 44 56 -54 -62 59 -58 0
-7 -39 41 0
-46 -40 -57 56 54 -52 50 68 -64 -61 60 0
-63 35 34 78 75 0
57 -56 52 48 68 67 64 -63 -61 -60 0
63 -61 -33 32 75 73 0
77 74 -25 -24 -23 -93 -90 0
95 -79 -26 94 0
-47 -46 44 42 -54 -50 69 -65 64 -58 0
-67 37 82 0
69 -68 67 66 65 -64 -63 -62 61 60 0
-46 -44 -56 -54 52 68 -66 -65 0
-47 -46 -44 42 40 -54 -50 68 -65 58 0
47 -57 52 65 -64 63 -61 60 -58 0
62 58 -32 -31 -30 -29 -28 -74 0
6 -39 0
42 -56 -54 -52 -69 66 60 59 0
40 2 7 -39 0
46 -42 57 -54 52 50 -65 -64 58 0
-47 46 -42 40 -56 54 -52 66 -61 58 0
44 -40 54 -50 69 68 -66 -64 61 60 0
40 -57 56 50 48 67 66 -64 61 -60 0
46 -40 -56 54 62 -61 -58 0
-30 -29 93 22 0
9 -8 6 -20 17 36 33 -31 0
3 -14 -12 27 24 -23 22 22 0
-69 -66 65 -61 60 59 -58 0
-44 -40 -56 54 -50 48 62 61 60 0
46 40 -56 54 -52 -62 -61 60 -58 0
-5 15 12 25 -23 22 -22 0
56 -15 -20 -55 0
-5 -2 15 14 22 -22 0
44 -42 38 -57 56 -52 67 65 -64 61 0
40 56 54 52 50 -64 58 0
-47 44 52 -66 -65 -64 -62 60 -59 0
10 -37 0
-46 44 -56 54 -62 -59 -58 0
8 -6 -20 18 35 34 32 -29 0
44 -42 57 52 -67 -66 65 64 0
10 -6 -18 -17 -35 -33 32 -29 0
-42 40 57 -56 -54 -65 62 -61 -60 -58 0
-27 -23 90 -89 -88 -87 -86 0
-47 -46 -44 57 -52 50 -66 -65 0
-42 -40 -57 -56 48 68 63 62 -59 0
-44 -40 -54 -52 69 67 66 65 -60 0
46 -5 10 45 0
8 -7 -20 17 33 31 30 29 0
44 38 52 -61 -59 0
-46 52 -50 48 63 61 60 59 0
-10 -20 -18 -34 33 -29 -28 0
-47 -44 -40 -54 52 69 68 -63 60 -58 0
50 12 -17 49 0
-46 44 56 54 -50 48 -66 -64 -62 60 0
47 42 40 57 -54 65 -63 -61 -58 0
-46 -44 -42 -40 -57 69 68 64 0
47 44 57 56 54 50 -65 0
44 -40 56 54 -52 48 62 61 -59 0
42 38 56 54 -50 -67 -65 -64 60 0
-47 46 -42 40 -56 -50 -64 -63 62 59 0
-47 44 -40 -56 52 -50 65 64 -63 61 0
-5 -4 2 -14 -12 -24 23 0
44 54 -67 66 65 64 -59 0
-10 -19 -18 34 32 29 -28 0
-4 -3 15 14 -23 -22 0
-59 34 33 32 31 30 78 77 71 0
46 38 56 -54 -52 48 -63 -60 0
46 40 38 -54 48 63 -61 0
-46 -44 42 69 -67 66 63 -60 -59 -58 0
-46 -44 -42 40 -54 -50 69 68 -67 64 -63 0
-70 -86 0
-47 46 40 -38 -57 -66 65 -64 -60 59 0
46 42 57 52 48 68 65 -63 60 -59 0
64 62 34 -33 76 -74 0
59 58 -29 -28 -71 0
-4 15 13 -24 22 -22 0
46 -44 -42 38 54 -62 -59 0
46 44 42 38 -56 63 -60 59 0
10 -9 -18 36 33 -32 29 -28 0
47 -46 38 56 52 -65 63 60 -59 0
44 -57 50 48 63 -62 61 -60 0
-46 42 40 54 -68 67 -66 -65 0
52 -69 68 -65 64 -63 -62 -58 0
-62 -61 -32 -74 73 0
-38 56 -62 61 60 59 58 0
10 9 20 19 -34 0
-4 -14 -25 24 -23 22 -22 0
77 76 -25 -93 -92 0
-46 42 -56 52 -69 -66 -65 -63 60 0
-64 -58 -34 33 32 31 30 29 28 -76 0
-47 46 42 -56 54 50 68 -65 -64 59 0
-47 57 54 52 50 67 -65 0
-46 44 57 54 50 48 64 63 -61 0
-50 12 17 49 0
-46 42 -57 56 -54 -52 69 -66 -65 0
-47 44 40 54 52 -50 -63 -62 59 0
47 44 57 54 66 -65 -64 0
74 -25 -24 -23 -94 -90 0
47 -46 56 54 67 -66 0
-46 -44 -42 -40 -57 -52 69 -65 59 58 0
-4 -3 -2 -15 14 -12 27 -23 0
46 44 42 54 -69 0
46 40 56 50 -67 -66 -65 62 58 0
-46 -44 56 50 62 -61 -58 0
52 13 -18 51 0
-85 -69 84 0
-44 -40 -56 -52 50 -63 60 59 0
-44 4 -9 -43 0
-47 -44 -42 -40 52 -50 -68 -66 65 0
-46 54 -52 50 -62 61 60 -59 58 0
46 -42 -56 -50 67 66 63 -62 61 -58 0
46 -56 -50 -68 -67 64 62 -59 0
64 63 34 76 -75 0
44 42 -56 52 -69 67 66 58 0
38 -57 -56 -54 -52 69 68 -67 64 0
7 19 17 16 -31 0
47 -44 56 -54 50 65 64 60 -59 -58 0
38 56 -54 -52 -50 67 64 -63 61 -59 0
29 23 -92 91 90 89 88 87 86 22 0
-44 -42 -40 52 50 64 -61 59 0
47 46 -44 38 -56 54 -63 61 60 -59 0
-99 -83 98 0
-10 8 -20 19 36 -35 0
-9 20 -19 18 -34 33 -30 28 0
68 82 -84 0
-26 -23 89 -88 -87 -86 0
-47 -57 -56 -54 -63 -61 60 -59 -58 0
-47 -46 -40 -57 56 54 48 -65 62 -61 0
47 -40 52 48 -68 -65 64 -61 0
-44 -42 40 56 -52 -62 -61 -59 58 0
33 99 -105 0
44 56 -54 52 66 -64 62 61 59 0
-47 -46 44 42 -38 -57 56 64 -60 -59 0
7 -19 16 31 -30 29 0
50 48 -59 0
62 -61 -32 74 73 0
-9 -8 7 -20 19 16 -33 32 -30 0
6 17 16 -30 0
-62 -58 32 31 30 29 28 74 0
46 44 54 68 -66 -65 -62 0
-42 38 -52 48 -61 -60 0
46 44 -42 -38 -57 56 -50 -48 -64 -61 -60 0
-77 -74 -25 24 23 -93 90 0
40 -38 -50 59 0
-9 -20 -19 37 32 -29 -28 0
42 -40 -57 56 54 52 69 65 64 0
-47 -44 -56 -52 69 68 66 0
7 17 -29 0
-81 27 98 0
-4 3 -2 15 -26 25 24 -22 0
44 38 56 50 -63 -61 59 0
46 42 -40 -57 -54 -52 -50 -66 65 0
-47 44 42 40 52 -50 48 64 -63 0
29 93 -102 -22 0
-40 38 56 54 -63 61 60 59 0
-44 -40 38 -54 -50 -62 59 0
61 -35 -34 -33 -32 -78 -73 0
46 -44 42 -56 54 -50 -62 -59 -58 0
46 44 -57 68 -67 0
46 -42 40 -57 54 -52 -50 -67 65 0
47 44 40 -57 -56 -52 -50 -65 64 59 0
3 8 -43 0
47 -46 -44 40 38 54 -63 -60 0
47 -44 -56 67 66 65 0
-31 -102 103 0
-8 -18 17 36 35 34 32 29 0
35 106 -107 0
-46 57 -52 -50 -68 67 66 64 -61 60 59 0
14 19 -55 0
47 46 -42 -56 66 65 64 0
-15 -14 13 12 27 -25 24 22 0
-9 -43 45 0
46 -44 -42 -40 57 -56 52 -48 64 -63 0
46 -44 56 -54 69 67 65 64 0
-83 -98 100 0
10 6 -19 18 -17 -35 -33 -32 0
34 101 -106 0
-9 -8 -6 -18 -17 35 31 30 0
-37 -108 22 0
-5 -14 -25 24 -23 22 -22 0
-42 38 -54 50 -62 -61 60 0
63 60 -33 -32 -31 -75 -72 0
-46 42 40 54 -52 50 64 -63 58 0
65 61 -34 -33 -32 -78 -73 0
28 26 91 90 0
-10 19 -18 37 35 34 0
-75 74 23 -91 -90 0
-42 56 52 50 48 63 -62 61 0
-59 -58 -29 28 -71 0
10 -17 -16 -35 32 -31 29 0
44 42 -56 -54 -69 67 -66 0
-46 42 -57 54 -68 67 -64 63 61 60 0
47 -44 42 -40 -38 -56 -54 68 67 -65 0
-9 17 -16 31 29 28 0
38 -57 52 -50 68 -66 -64 62 -61 -60 0
-46 42 40 -57 -52 -50 69 66 64 59 0
-42 -40 -38 56 67 66 -65 64 61 60 -59 0
-47 -44 -57 56 54 66 -63 60 -58 0
47 40 56 -54 -52 48 -64 -61 60 0
-42 56 54 52 68 67 -66 65 0
44 42 54 52 48 68 -67 -65 -64 0
47 44 40 56 -54 -48 65 -63 61 60 0
-5 -3 2 -13 26 24 -23 0
62 58 32 -31 -30 -29 -28 74 0
-57 68 66 65 -64 63 61 59 -58 0
-44 -56 54 52 48 -62 -59 0
-29 26 -92 91 90 -22 0
-47 -44 42 40 -54 -50 -64 -63 -62 58 0
-38 -48 58 0
9 -19 18 17 31 -28 0
-47 38 50 48 -66 64 -63 62 -61 0
-46 -42 -57 -66 -64 -63 59 -58 0
-47 44 -56 -54 -50 -66 65 63 -61 -60 0
-40 -54 50 -61 -60 59 0
29 26 -92 91 90 22 0
52 -13 18 51 0
32 97 103 0
76 71 -24 -23 -22 -22 -22 -92 -87 0
47 46 40 -56 54 -66 65 -64 0
-44 42 -40 -38 68 -67 65 63 62 -61 59 0
8 20 17 -32 -30 28 0
9 8 19 -35 -34 0
46 -44 57 52 50 -67 65 59 0
-3 -2 -15 14 13 27 -24 23 0
46 -44 -57 -50 -68 64 61 59 -58 0
-9 8 -17 16 32 30 29 0
-48 -16 0
-47 44 -42 -57 -54 -68 -66 -65 -59 0
-57 -56 -50 -68 -64 -63 -60 -58 0
47 -40 -56 50 -66 -65 -64 61 -60 0
-46 44 -54 -50 -48 62 61 60 58 0
63 60 33 -32 -31 75 -72 0
42 56 54 52 50 -65 59 0
-46 -44 42 -57 -56 52 50 65 -63 61 58 0
-73 25 24 23 22 94 89 0
75 -71 -23 22 22 22 91 87 0
-46 -42 -69 66 65 -64 62 61 60 58 0
-46 40 -56 50 -67 66 -64 -63 58 0
-47 -46 -42 57 56 54 50 -48 -65 0
64 61 -34 -33 -32 -76 -73 0
2 -15 27 26 25 24 -23 0
-46 42 57 54 -52 -50 68 -65 -64 0
42 -57 54 50 -68 -64 63 60 -59 0
10 8 19 18 -34 30 -29 0
-3 -2 -15 -14 26 23 -22 0
5 2 14 13 -12 23 22 -22 0
-10 -8 7 -19 -18 -17 37 -34 0
47 40 -54 -52 -50 63 -60 59 0
6 -20 -19 -18 -17 37 -36 33 0
-46 42 40 -52 48 -63 -62 60 0
-46 -40 -57 -56 -54 48 -63 -61 -59 0
-46 -56 54 52 48 -63 -60 59 0
-64 -34 33 32 31 30 29 -76 70 0
44 56 54 52 48 -62 0
9 -7 18 35 33 -32 -31 -30 29 0
4 14 -13 -12 -22 0
-5 4 -14 13 27 25 0
47 -46 44 42 56 -52 67 64 -63 0
72 70 -22 -88 0
-75 -73 -23 22 -91 89 0
4 43 -45 0
8 7 6 -18 33 -31 0
-47 -44 40 -52 69 68 -64 60 -59 0
-47 44 42 38 -57 56 -50 -64 -61 -59 0
-46 -44 -52 68 -66 64 62 59 -58 0
101 85 100 0
3 41 -43 0
61 60 31 73 -72 0
5 4 2 -15 -14 -24 23 0
26 93 92 91 90 -102 0
46 40 38 52 -62 -60 0
-47 -44 38 -56 -54 52 48 -67 64 -63 0
19 53 -55 0
47 56 -68 -67 0
-57 -54 -65 -64 -63 -62 60 -58 0
47 -44 57 -54 50 -63 62 -60 -58 0
46 -44 42 -52 50 -67 -66 -65 -63 0
-47 42 -57 -54 -52 -48 -68 66 60 0
64 -34 33 32 31 30 29 76 70 0
46 50 -48 -62 60 59 58 0
-7 -18 16 -30 -29 0
12 13 14 15 16 17 18 19 20 0
46 44 57 56 -66 64 63 -62 -60 58 0
46 -44 -42 38 -54 62 -59 0
44 -42 -40 -57 50 63 -60 59 0
-46 -42 38 -54 -50 -63 60 59 0
47 44 -42 -40 57 54 -52 -50 65 -64 0
-46 -42 40 57 -56 48 67 -64 -63 -60 0
46 -42 -52 -68 -67 -66 -63 -59 58 0
-46 -42 40 -57 -54 69 67 65 -60 -58 0
46 56 -68 67 64 59 -58 0
-46 44 42 40 -52 50 64 58 0
-47 56 -50 68 64 -63 -62 61 -60 -59 58 0
-9 -8 -7 -20 37 33 -30 29 28 0
5 -4 -3 -2 -13 12 -24 -23 0
-42 -3 -8 41 0
52 -48 -69 68 66 -64 63 -61 60 0
-97 81 -27 96 0
44 -56 54 52 48 62 -59 0
-46 -42 -38 -57 -54 66 64 -60 58 0
44 54 -50 -65 -63 -62 61 60 58 0
-46 44 42 -54 52 50 65 -62 59 0
62 -35 -34 -33 -78 -74 0
44 -54 52 50 61 -58 0
47 42 57 -56 66 -65 64 62 -60 -59 0
-4 -15 -13 27 26 24 0
-64 -62 34 33 76 74 0
-4 -3 -2 14 22 0
-46 -44 -40 -56 -54 -50 67 63 62 0
-46 -56 -54 -69 68 64 63 -58 0
15 14 -26 0
-9 -19 -37 -32 -29 -28 0
-40 38 -52 50 61 59 0
-37 80 -82 0
-57 52 50 64 63 -61 60 59 -58 0
46 44 42 38 54 -62 0
40 57 -52 65 64 -63 61 -60 -58 0
40 -56 50 48 62 -61 60 0
44 54 -68 -67 66 65 -61 0
44 -42 52 67 -66 -65 -64 63 -59 0
47 -46 -42 54 -66 -64 63 62 60 -59 0
46 -44 -57 56 -54 -52 50 -64 -62 59 0
5 -3 -14 -13 25 -22 -22 0
-46 -42 40 -57 48 66 64 62 -60 0
46 -44 40 -57 -56 54 -67 65 64 0
46 42 -40 -57 56 -54 48 -63 62 -59 0
-47 46 44 57 -54 52 66 -64 0
47 -44 -57 54 67 63 -62 60 -58 0
-46 -44 56 -54 62 -59 -58 0
-46 -44 38 -54 -50 62 -61 -60 -59 0
8 7 20 19 33 -31 -30 0
47 -44 42 38 56 -52 -65 -64 -63 59 0
-61 34 33 32 78 77 73 0
-3 -2 -15 -14 -13 26 25 23 0
-44 57 54 -48 68 65 64 63 61 -59 0
-46 44 42 57 52 68 66 -64 -61 0
9 -8 -7 19 -18 -17 -34 33 0
-44 -56 54 -52 48 62 -61 -60 -59 0
77 73 -24 -23 -22 -94 -89 0
-46 40 -57 56 48 -63 62 -59 0
9 -8 17 -35 -33 -32 -29 0
46 44 42 -40 -57 -56 69 -64 -60 -58 0
-46 42 40 -57 52 67 -66 -65 -64 58 0
7 -18 37 -33 31 30 29 -28 0
-9 19 18 17 31 -28 0
46 44 -40 -38 57 -56 -54 -52 50 64 0
-9 -7 -6 -20 -19 18 -17 37 -34 0
28 24 91 90 89 88 -22 0
-44 -42 40 -56 -54 50 -64 -63 60 58 0
-44 -42 57 54 -52 -67 -66 65 63 0
46 38 -54 52 50 62 -59 0
4 -2 -15 -14 -23 22 0
10 7 6 19 35 -34 -33 0
-4 -3 -2 -12 -23 -22 0
-97 -81 -27 -96 0
-57 -56 52 -48 68 -65 64 62 61 59 0
108 -22 0
44 42 -54 50 -48 -67 66 -64 63 -61 0
-9 -36 35 -33 -32 31 30 0
5 -4 2 -15 23 22 22 0
40 -57 -56 -54 48 -68 -63 61 -59 0
47 42 -38 52 -50 -68 65 64 62 0
4 -14 13 -12 -22 -22 0
-44 -4 -9 43 0
5 -4 -14 12 26 -22 0
46 -44 38 -56 -54 52 48 -63 61 -60 0
-8 -7 19 -18 -17 -36 -35 34 0
46 -44 57 -56 48 -63 -60 -59 0
64 -59 -34 33 32 31 30 76 71 0
-47 -46 44 -57 56 -54 -67 -59 0
24 87 -22 -22 0
79 -26 -96 0
-4 15 13 12 24 -23 0
-47 -46 44 -42 -56 52 -50 48 69 66 0
-42 -57 56 54 52 50 65 58 0
-42 52 60 -58 0
56 15 20 -55 0
3 13 26 24 22 -22 -22 0
76 72 24 -23 -22 -22 92 -88 0
-47 52 -48 63 -61 60 59 58 0
61 -31 30 29 73 70 0
75 73 -23 -22 -91 -89 0
-76 70 24 -23 -22 -22 -22 -92 0
-46 42 -40 -54 -52 -69 68 -66 -65 63 0
47 46 -57 -54 -52 -50 63 -59 -58 0
-8 -20 19 37 36 34 -33 28 0
-47 46 44 42 40 -50 64 58 0
47 46 -44 -57 54 -52 50 -63 -60 -58 0
-40 -2 7 -39 0
-10 8 7 -20 -19 -18 35 28 0
46 5 -10 45 0
-42 57 -56 -52 68 64 -63 -62 -60 -59 0
64 -62 -34 33 76 74 0
-73 70 22 -22 -89 0
52 13 18 -51 0
-47 -46 42 -56 54 50 -66 64 -58 0
46 -40 57 -56 54 67 65 63 -62 -59 0
7 37 36 -33 -32 30 29 -28 0
-28 23 -91 90 89 88 87 86 0
-46 -42 40 -54 52 50 -69 -65 -63 0
44 42 -40 -38 -57 54 52 65 63 0
44 -56 -54 52 48 -62 -61 -60 -59 0
-42 -52 -69 67 66 65 63 -61 0
-47 40 -56 -50 64 63 -60 59 0
-75 -73 23 22 91 89 0
47 44 42 57 66 -64 -63 59 -58 0
-46 -42 -40 -54 52 69 67 66 65 0
-4 14 -13 -12 22 0
-46 -42 57 -54 -52 -50 67 -64 -60 0
-5 -3 15 -13 12 -24 23 0
28 23 91 90 89 88 87 86 0
-74 -71 22 22 22 90 87 0
-46 -54 69 68 67 66 65 0
38 -56 -54 52 67 -65 64 63 60 -59 0
47 -44 -42 57 52 -67 65 -64 58 0
-62 -60 32 31 74 72 0
-47 -46 -44 42 40 -56 -54 65 62 -61 0
-47 46 -56 -52 -50 48 -65 -64 -62 60 0
-46 -44 -56 -54 -62 -59 -58 0
29 25 -92 91 90 89 22 0
-65 -64 35 77 76 0
-47 46 38 -56 -52 48 66 65 -64 -61 0
24 -23 87 -86 22 0
44 40 -54 -52 50 -61 60 0
-7 -6 -20 -18 -17 37 35 -33 0
99 104 -105 0
-10 -9 -8 6 -19 -32 -29 0
-65 61 35 -34 -33 -32 -77 -73 0
-47 46 -56 52 69 67 -66 0
5 -2 -13 12 -24 -23 -22 22 0
-63 58 33 -32 -31 -30 -29 -28 -75 0
47 46 -44 -42 -40 54 52 65 -64 0
-44 -42 54 -69 68 66 62 -58 0
-40 52 48 60 -59 0
-8 -7 -6 -17 37 35 34 32 31 0
-44 -42 40 -54 -52 50 -63 60 58 0
71 -25 -24 -23 -22 -22 -22 -94 -87 0
-18 -35 -34 33 -32 -29 -28 0
-9 -8 -19 -17 31 -30 -29 -28 0
44 -42 54 -69 67 -66 65 0
47 -46 -44 40 57 -54 52 -66 -64 0
44 -40 -57 -56 -50 -48 -67 -66 -63 0
-44 42 54 -52 -69 -67 66 0
-10 -19 -17 33 -32 -31 30 -29 0
-9 8 -19 -17 -16 31 30 29 0
44 42 -68 -67 66 -65 63 -61 0
75 71 -23 -22 -22 -22 -91 -87 0
-10 9 8 7 -17 33 28 0
-47 -44 -42 -57 -56 54 -52 50 -67 0
42 -57 54 52 68 -67 -65 -64 -59 0
-46 44 -42 57 50 -68 -64 62 -58 0
47 46 -44 42 -40 -57 -63 -62 -61 -58 0
-47 46 -44 -42 -40 54 -52 -50 48 65 -63 0
-47 46 44 42 40 57 64 -59 0
4 3 -15 26 -25 0
-47 -44 -52 69 67 66 -65 64 -59 0
46 44 38 56 -52 63 62 61 -60 0
-40 38 -54 -69 68 67 -65 -64 -62 61 0
46 -44 -56 -50 62 61 -58 0
3 13 -22 0
47 -46 38 56 -54 -63 -60 -59 0
47 46 -40 56 -52 -50 -67 -64 58 0
47 -46 -44 -42 57 -52 50 -65 -64 0
17 49 -51 0
-44 -40 -57 -56 54 -64 -62 60 -58 0
-76 -75 -24 -92 91 0
-42 54 50 48 62 -61 60 0
-44 -54 52 50 -61 -58 0
-9 8 36 -34 33 32 31 -28 0
46 38 50 -67 -66 64 63 61 -60 -59 0
-47 -44 38 -56 54 -63 -61 -60 -59 0
-46 -42 -57 54 50 -48 -66 65 61 59 0
44 -56 48 62 61 -60 -59 0
-47 38 -56 69 68 64 60 -59 0
8 6 -17 30 -29 0
47 57 56 54 52 48 -64 0
-47 46 42 -38 -57 54 -52 -66 -63 -60 58 0
-44 -54 -69 65 64 -61 60 -59 0
42 57 54 -68 -64 -61 60 0
46 -44 42 -40 -56 -54 -50 -48 -62 -61 0
-72 -71 22 88 87 0
63 62 -33 -75 -74 0
4 14 -25 -23 -22 -22 0
-47 -57 -52 -66 -65 63 60 -59 -58 0
42 56 54 50 68 67 -66 -65 60 0
-47 -46 40 52 69 67 -64 -59 -58 0
-44 -40 -54 52 -50 61 60 0
7 -19 35 33 -32 31 -30 29 0
-42 38 -57 56 -54 48 67 64 -61 -60 0
30 93 92 91 90 89 88 87 -22 0
-14 -53 55 0
-4 -14 -22 22 0
81 -67 -37 80 0
-44 -57 -56 -54 -52 69 67 62 -60 0
-47 46 44 54 -52 69 66 65 0
-9 -8 -19 18 37 36 -34 33 0
-46 -40 -57 -54 -52 69 68 66 0
44 57 56 -52 -50 -67 65 -64 58 0
-56 -54 -52 -50 69 -68 63 -58 0
-46 -44 56 54 -52 -62 -60 -59 -58 0
-47 -46 44 42 -56 -54 -48 66 65 60 0
-47 42 57 54 48 -65 -64 63 -62 -61 0
27 23 90 89 88 87 86 0
-46 40 38 52 62 -60 0
9 -7 -20 34 33 -31 30 29 0
46 44 42 40 -68 -63 -58 0
62 -32 31 30 29 74 70 0
46 44 42 38 56 48 -63 0
-44 42 -54 52 -68 -67 -66 -65 0
-27 -90 89 88 87 -22 0
-10 -8 -20 -18 37 35 0
-10 -8 20 -18 17 -16 -34 33 0
8 18 37 35 -34 -33 -32 28 0
26 89 88 87 -22 0
46 44 -40 38 57 -54 -64 -63 60 0
47 44 -40 57 56 54 -63 -60 -58 0
-8 -7 -20 19 18 37 -34 33 0
65 62 -35 -34 -33 -77 -74 0
63 61 33 -32 75 -73 0
-79 66 36 -78 0
46 -40 57 52 -48 -66 -63 -61 -60 -59 0
22 -33 -99 -104 0
46 -44 42 -40 -57 -56 -52 -50 48 -63 -62 0
-46 -56 54 52 68 -66 65 64 -60 0
-42 -38 57 -54 63 60 59 58 0
-10 9 -20 19 -32 -29 -28 0
47 44 42 40 38 50 -63 0
29 -23 92 -91 -90 -89 -88 -87 -86 22 0
-57 52 -50 66 65 61 -60 59 -58 0
-44 -42 40 -56 52 50 -68 66 -65 0
-9 -8 -20 -18 17 -34 33 -29 0
-5 -4 -3 12 -23 0
47 42 57 52 -64 -63 -62 -60 0
7 -17 29 -28 0
-95 79 -26 94 0
44 42 40 54 69 67 -66 -65 59 0
42 -40 -57 -54 -52 50 -66 64 61 0
-47 -46 -44 -42 -57 69 65 0
46 44 42 40 52 -65 59 0
44 56 54 68 -66 -65 58 0
48 -58 0
8 -20 -19 -18 37 36 32 -29 0
47 -44 42 -40 57 -56 -52 -65 64 0
-81 -67 37 80 0
-46 -42 40 -57 -54 52 69 -67 -65 59 0
-60 35 34 33 32 31 78 72 0
36 -35 34 -32 31 -30 -28 0
-9 8 20 -18 16 32 -30 -29 0
-47 -44 -42 57 56 50 63 -59 -58 0
-5 3 -2 -15 13 -12 -26 24 0
-3 -14 -12 25 -23 22 0
-47 -46 44 57 56 52 -50 -63 -59 -58 0
-40 -38 -56 -54 50 -62 60 58 0
-44 -40 56 -54 -52 -68 -67 66 0
-9 7 -20 -19 -33 -30 -28 0
76 72 -24 -23 -22 -22 -92 -88 0
-10 8 -20 -19 33 -30 -29 28 0
-46 -38 -56 -54 -52 68 -64 60 -59 0
4 3 15 14 -13 24 -23 0
-46 44 38 -54 48 68 65 -64 -63 -60 0
97 81 27 96 0
-47 46 44 -56 -54 -52 -48 -63 -60 58 0
10 -9 7 -20 33 32 30 -29 0
46 -56 50 -69 66 -64 60 -59 0
74 70 -22 -22 -22 -90 0
10 -9 -8 6 -19 32 -29 0
-10 9 19 -17 37 33 -32 29 0
-46 -44 -56 54 -62 59 -58 0
-65 64 35 -77 -76 0
-47 -46 42 38 56 54 -50 -63 -62 -59 0
-25 -88 87 -22 0
-44 56 52 -67 -64 63 61 -58 0
76 70 24 -23 -22 -22 -22 92 0
-57 -56 54 52 50 69 -64 60 -59 -58 0
10 8 7 -19 34 -33 0
9 6 -18 -17 32 -31 30 29 0
-65 -35 34 33 32 31 30 29 -77 70 0
-46 -42 -40 -56 68 -66 -61 -58 0
10 -9 20 -19 17 32 31 29 -28 0
47 -46 56 54 52 67 -65 0
7 -6 -20 -19 18 36 33 -32 31 30 0
-47 54 -52 -50 -48 68 66 65 -60 0
-9 19 -18 17 -31 30 29 -28 0
30 27 92 91 -102 0
47 42 -56 54 -52 68 -66 65 64 0
-47 46 -44 -40 -38 57 -50 68 66 -63 0
44 56 52 48 -68 -64 -60 59 0
44 -40 38 -57 -54 64 61 60 59 0
-46 42 56 -54 52 -63 62 -60 59 0
47 44 42 38 -57 67 -65 0
38 6 0
46 -44 42 40 -54 52 69 -66 65 64 0
-54 -14 -19 53 0
47 46 -42 40 -56 54 52 64 59 0
65 63 -34 -78 -75 0
-40 -54 52 -69 -68 67 63 60 -59 0
-44 40 -54 48 -69 65 -64 -63 -59 0
-47 46 -42 -57 56 65 -64 62 60 59 0
-47 44 42 56 54 -52 66 65 0
10 -7 -6 -18 -36 34 33 0
-47 -46 44 40 38 54 50 -63 62 0
-95 -79 26 94 0
-42 38 -56 52 50 48 -63 -62 0
-47 -57 50 67 64 63 60 59 -58 0
46 40 -57 48 69 67 -64 63 -61 -59 0
40 52 -50 -69 -65 64 -63 62 0
42 -40 -54 -52 -50 68 -66 -65 -63 61 0
9 -8 20 -19 -18 17 -33 32 -30 0
52 50 -69 67 66 -64 -63 62 61 0
47 -46 -44 -42 38 -56 63 -59 0
-8 19 17 16 32 -31 30 0
-47 46 -42 40 -57 52 -67 -65 -61 59 0
-47 46 -40 54 -52 -50 -65 64 -61 60 0
-56 -54 -50 -69 65 -63 -61 -58 0
-47 40 -54 -52 -50 -63 -60 59 0
-46 -44 -42 38 -54 -62 -59 0
46 44 -42 -54 52 -68 -66 65 0
-57 -56 -48 69 68 -65 63 62 61 -59 0
-47 -44 -54 -50 48 -64 61 60 59 0
5 2 -15 -13 25 -24 23 0
-47 40 54 -50 65 64 -62 61 60 59 0
-47 46 40 56 -50 -48 -64 63 -60 0
65 60 -34 -33 -32 -31 -78 -72 0
47 46 -42 40 56 52 -64 -63 -59 0
46 56 -54 -50 -62 -61 -59 -58 0
56 -54 52 -50 -68 64 -63 62 0
8 6 17 -30 0
8 -6 -37 -34 32 30 0
47 44 38 56 54 50 -63 60 0
-47 44 40 52 50 -68 66 65 -60 0
-76 -72 -24 23 22 22 -92 88 0
46 -44 -42 -40 -57 56 -52 -66 -64 61 0
-10 -9 -8 -19 -18 17 37 34 29 0
4 -3 15 -14 13 23 -22 0
-56 -54 -52 -50 -69 64 -59 58 0
46 42 -38 -57 56 54 68 66 63 0
-44 -40 -56 -52 50 69 67 66 65 0
8 18 -36 -34 -33 30 28 0
47 -57 -56 -54 -52 48 -64 -59 0
-3 -2 -12 -27 24 23 22 0
-19 -17 36 34 33 -32 30 29 0
-47 46 44 40 -54 52 68 67 -64 -63 -60 0
42 38 50 -60 0
-47 46 -44 -42 -56 -52 -48 69 -67 65 0
-38 -52 60 59 58 0
62 -60 -32 31 74 72 0
-5 -45 47 0
-46 -40 -56 -54 68 65 -62 -61 60 59 0
-47 -46 -52 -50 -68 65 64 -63 60 -59 0
77 73 -25 -24 -23 -22 -93 -89 0
-47 44 42 56 -54 50 -67 66 -65 59 0
-47 42 40 -57 -52 -50 -66 64 -61 0
-44 -42 -56 -54 69 68 66 65 0
4 2 -14 -13 12 -22 22 0
-63 -61 33 32 75 73 0
-61 60 31 -73 -72 0
76 73 24 -23 -22 92 -89 0
10 8 7 6 17 -32 0
46 44 -56 -54 62 59 -58 0
-47 42 40 -56 -54 69 65 -60 -59 0
10 -7 20 -19 -18 -17 -33 -32 0
5 15 13 -25 -24 0
8 41 -43 0
-44 42 -48 61 59 58 0
44 -42 57 48 -66 65 -64 -60 -59 0
47 57 56 50 66 -63 -62 60 59 -58 0
-46 -54 -52 -50 -69 -63 59 -58 0
-26 25 -89 0
3 -15 -13 12 25 -24 23 -22 0
-22 -37 -108 0
-47 46 42 -40 57 -56 -48 66 -65 -63 0
44 40 54 -52 61 60 59 -58 0
-7 -6 20 17 32 -31 30 28 0
46 5 10 -45 0
-46 56 -54 -52 50 -48 64 -63 -61 -60 59 0
10 9 8 6 19 -32 0
-47 -44 -57 -67 66 64 -63 -60 59 -58 0
-42 -57 -56 -54 -52 66 -59 -58 0
-47 -44 -52 -50 69 -67 65 64 63 -60 59 0
-46 -44 57 52 48 63 -62 -59 0
57 -54 50 -68 65 64 63 -60 -58 0
46 44 -40 56 50 -68 -66 62 58 0
50 69 -68 -67 63 62 -61 59 -58 0
47 -46 -44 57 56 50 64 -63 -59 0
5 -4 -3 -2 -12 26 25 23 0
4 -27 -26 0
-44 52 -50 67 65 63 62 59 -58 0
-47 46 44 -56 52 48 64 61 -59 0
48 16 0
63 62 33 75 -74 0
4 -15 -14 -13 -26 0
-46 42 -56 52 -65 64 62 61 60 -59 58 0
44 57 54 52 64 -63 62 -61 -58 0
101 105 -106 0
46 -44 38 -56 -54 69 68 -63 -61 -60 -59 0
-10 -19 -18 37 36 -32 -29 28 0
46 38 54 -52 -50 -62 -59 0
-47 57 -56 64 63 -62 60 -59 -58 0
-46 -57 -56 52 50 69 -63 60 59 -58 0
46 56 54 52 -67 -66 0
-5 4 3 2 15 22 0
8 -6 -20 19 36 35 -34 -30 -29 0
46 44 42 -40 -52 -68 -65 64 58 0
-63 -62 33 75 74 0
46 -40 54 -52 69 -66 -65 -64 -63 -59 0
46 44 40 56 50 -64 -63 58 0
44 42 -40 57 -56 52 50 64 -61 0
-46 -42 40 52 69 -68 65 63 61 -59 0
61 60 -31 -73 -72 0
47 52 -50 -66 -65 -63 62 59 -58 0
10 -8 7 -19 17 -35 -33 28 0
5 4 15 14 -22 0
-19 -18 36 -33 30 -29 -28 0
64 61 34 -33 -32 76 -73 0
27 26 90 0
22 33 99 -104 0
-60 -30 29 -72 70 0
-42 -40 57 -56 -54 -52 -50 67 65 60 0
47 44 42 56 54 -66 0
4 2 15 -14 25 -24 -22 0
46 42 54 52 -69 -66 0
38 56 48 -68 -64 63 -61 -60 0
69 84 0
9 8 -17 36 -35 34 33 28 0
-40 38 -54 52 62 60 59 0
9 -8 20 18 33 -32 30 29 0
-44 -40 -57 56 50 64 62 61 60 58 0
46 -42 54 -52 -48 62 -61 -60 0
-47 44 42 54 -52 50 68 -66 65 0
34 105 -106 0
9 8 20 -19 35 -34 0
-44 40 -57 -56 -54 52 -67 -66 0
-46 50 -48 62 60 59 58 0
-69 -67 -66 65 59 -58 0
-47 -46 44 -56 -54 50 69 -67 60 58 0
46 -5 -10 -45 0
-10 7 -20 19 -32 31 -28 0
73 70 22 -22 89 0
-9 -8 -7 -20 17 36 34 28 0
13 51 -53 0
44 -48 -61 60 59 58 0
47 -46 -56 -54 50 67 64 -60 59 58 0
-46 40 56 54 62 61 -58 0
-10 -9 -20 -19 37 0
-47 -46 -52 -50 -67 65 -64 -62 -61 0
-46 44 40 38 -54 52 -69 65 -61 0
32 97 -104 0
-44 -40 -38 -57 -52 -50 69 67 65 -64 0
47 -46 44 40 38 -54 -63 62 61 -60 0
-3 -13 -22 0
64 -63 -34 76 75 0
-46 -44 57 -56 48 63 -60 -59 0
-5 4 -2 14 -12 27 -22 22 22 0
4 15 -12 25 23 -22 0
44 40 -56 -54 52 50 -64 63 58 0
46 42 56 52 67 66 64 -63 -62 0
34 101 105 0
44 42 40 -54 61 -58 0
-44 -42 57 -54 -52 50 64 -63 -62 60 59 0
-47 46 -44 -42 -40 38 -57 50 -65 -62 59 0
40 50 -69 -68 -65 58 0
76 75 24 92 -91 0
-95 79 26 -94 0
81 67 37 80 0
-47 46 -42 -40 -57 54 48 -64 -60 -59 0
-40 -38 56 -54 50 62 60 58 0
15 20 -57 0
47 -46 38 -56 -50 63 62 -59 0
19 -37 -36 0
-8 -18 -37 -35 -34 28 0
-47 44 -40 -38 -54 -66 -65 -64 63 -61 58 0
-46 44 -42 -57 -56 54 69 -66 65 0
46 44 56 -67 -66 -65 0
-66 -78 80 0
-46 -40 -38 -57 -52 -50 68 66 64 61 0
-46 44 57 -54 52 68 -66 65 0
9 8 -20 16 -34 -32 31 30 0
9 6 -18 31 -29 0
6 -19 37 36 35 34 32 -29 0
-44 38 50 61 -60 59 0
-44 -42 40 -54 -69 68 65 -61 60 0
-47 -46 -44 -42 40 -57 -52 -66 -65 0
-9 19 -18 17 -31 -30 -29 0
40 2 -7 39 0
46 42 38 -52 -69 -65 62 61 0
-97 -103 104 0
-46 38 -57 56 69 67 -64 60 -59 0
42 57 -54 52 -67 66 -65 -64 58 0
47 -44 40 38 54 -52 50 63 -62 0
-9 8 -7 16 -35 -33 -31 29 0
-47 44 -56 54 69 67 -66 0
-14 -13 26 -23 22 0
10 -9 19 18 35 -34 0
-42 40 38 -57 54 -52 50 -68 66 -65 0
-47 46 -40 57 -54 -52 -50 -65 -64 61 58 0
44 -42 -40 54 -52 -50 -68 65 0
7 -20 18 -17 -36 34 33 30 0
-65 35 34 33 32 31 30 29 77 70 0
-47 44 -42 57 -56 48 -65 64 -62 -61 59 0
76 -74 -24 23 92 90 0
59 -35 -34 -33 -32 -31 -30 -78 -71 0
42 57 50 -68 -66 -65 -64 58 0
-46 44 -57 56 54 69 67 0
9 8 7 20 16 -32 0
-44 42 -40 -57 -56 54 69 -65 64 59 0
-57 56 52 -50 67 -64 60 -59 -58 0
9 20 18 17 -34 29 0
-47 -44 42 -50 48 68 -66 -64 62 59 0
-69 -66 -60 -59 -58 0
-46 -44 -42 40 -57 -52 -50 69 -65 64 0
-9 6 -18 -31 -29 0
-13 -18 53 0
22 -37 108 0
40 -38 -54 61 59 58 0
5 -4 -3 2 -14 13 26 -22 0
46 -40 57 -56 48 -63 62 -59 0
42 57 52 48 -63 -61 59 0
42 52 -60 -58 0
-46 -44 -40 56 52 -65 63 61 60 -58 0
-40 2 -7 -39 0
-47 46 -44 38 57 -56 52 48 -64 -61 -60 0
-47 -56 -54 -52 69 68 65 0
-56 69 67 -66 64 63 62 60 -59 -58 0
-60 59 30 -72 -71 0
-40 -54 -52 50 -69 -68 65 58 0
-46 38 56 -52 -50 69 66 63 -62 -60 -59 0
42 -57 52 48 63 -61 59 0
-101 85 -100 0
-42 3 8 41 0
5 -4 -15 14 -12 -22 -22 0
-46 44 42 40 -54 48 65 -63 60 0
44 48 -69 67 -65 -64 63 -62 60 0
20 -18 -17 35 -33 32 -31 -30 -29 0
-46 42 -56 -54 52 69 68 65 -59 0
-47 44 57 -52 50 67 -65 63 -61 -59 0
40 -2 -7 -39 0
47 57 -54 -66 -65 64 -61 -60 0
14 13 -27 -24 0
-20 -55 57 0
-10 7 6 -18 -32 -30 0
-40 2 7 39 0
-23 86 22 0
47 -44 -42 -40 -56 67 -63 59 -58 0
47 -44 -42 -40 52 -68 65 -64 0
47 -46 -56 54 -50 -48 -64 61 -60 59 0
9 8 20 19 -18 34 -33 0
65 62 -34 -33 -78 -74 0
46 -42 40 -57 56 68 -66 65 0
9 8 -16 -33 32 29 28 0
-44 42 -40 38 -54 -69 -64 -63 61 0
-5 15 12 -23 -22 -22 0
-22 33 -99 -104 0
101 -85 -100 0
9 -8 -7 -19 31 -28 0
-47 -50 48 69 68 67 66 64 0
77 71 -24 -23 -22 -22 -22 -94 -87 0
46 40 54 48 -63 -61 59 0
47 -46 42 -57 -50 -64 63 -62 61 -60 0
-47 46 44 40 54 67 64 -61 58 0
-8 -18 17 -36 -35 -34 -32 0
-47 -46 -44 57 54 -67 65 0
-15 14 -13 12 27 -22 22 -22 0
79 -66 36 -78 0
-8 -7 -6 -20 18 37 36 33 28 0
-46 -44 -42 57 -56 -54 67 65 0
-52 13 18 51 0
47 40 38 56 54 -64 -61 -60 0
30 24 92 91 90 89 88 -102 -22 0
-47 -46 -54 69 68 67 65 0
-8 -18 35 34 33 32 -29 0
-46 44 40 -57 -54 52 67 -66 0
-44 42 40 -54 52 50 64 58 0
34 -101 -105 0
-42 3 -8 -41 0
-47 46 42 -38 -57 -54 66 -61 -60 58 0
47 46 42 40 54 66 -64 59 0
-10 -20 -19 -18 33 31 -29 28 0
47 57 54 50 -63 62 -61 -59 -58 0
46 -44 -42 38 -56 -52 50 66 64 0
63 59 33 -32 -31 -30 75 -71 0
-8 -19 -17 37 35 34 33 -30 0
42 54 52 -69 67 66 -65 58 0
46 44 -42 -40 38 -56 -54 52 -63 59 0
-79 26 96 0
-47 46 -44 42 -40 -50 66 64 -59 0
97 -81 -27 96 0
-10 8 20 -19 -18 17 -35 34 0
-76 -74 -24 23 -92 90 0
30 28 92 -102 0
-81 -96 98 0
4 2 13 12 -27 -23 0
-46 44 -42 57 -56 -52 -66 65 0
-46 44 56 -68 67 -66 0
-36 -107 108 0
-9 -8 -7 6 -37 -33 29 0
47 44 42 -56 54 65 63 -61 0
-26 -89 88 87 -22 0
-44 42 -56 48 69 -68 -66 65 64 -63 0
-10 -9 -19 17 37 -32 31 29 -28 0
-57 56 54 52 50 64 63 59 -58 0
-46 -40 -57 52 -65 64 -63 -61 60 0
61 59 -31 -30 -73 -71 0
-8 6 -19 17 -32 -31 30 0
-5 -14 -12 23 -22 -22 22 0
-77 75 25 -24 -93 -91 0
-47 -40 -38 -54 -50 68 67 -64 62 -60 0
-46 -44 57 52 50 -68 66 60 0
18 16 -36 -35 -33 -30 29 0
-46 42 56 -54 -50 69 -66 -65 63 60 0
-46 54 66 -65 -64 62 -61 -60 -59 0
4 -3 -2 14 -22 0
63 59 -33 -32 -31 -30 -75 -71 0
-47 46 -42 40 54 -52 67 -66 -65 58 0
44 -57 -56 52 -50 69 68 63 -59 -58 0
-42 54 -52 69 -66 -65 64 63 62 -61 0
-13 -51 53 0
-47 -40 -56 -54 -52 -50 -48 -65 -64 0
54 52 50 68 -67 66 63 59 -58 0
-47 -46 -44 40 38 -56 48 -64 -61 0
-7 19 17 31 -30 29 0
10 -8 7 -20 -19 -33 -29 0
46 38 -54 -52 -50 62 -59 0
47 -44 -42 -40 38 -57 -54 68 -65 -63 0
-46 44 56 -50 62 -61 -58 0
-46 -44 42 -56 -52 -50 68 -65 64 0
8 20 17 34 -32 -30 29 0
-32 -103 104 0
-44 42 -57 -56 69 -65 64 -63 -60 -59 0
74 71 22 -22 -22 90 -87 0
-4 -2 -15 -14 13 -12 27 -24 0
46 42 -40 57 56 -50 -66 64 63 -61 0
83 68 82 0
44 56 -69 -66 -65 60 59 0
-72 70 22 -88 0
4 3 15 -14 25 -24 0
50 -12 -17 -49 0
42 52 -69 68 66 65 -64 60 0
46 42 56 52 -65 -64 60 58 0
30 26 93 92 91 90 0
-5 -3 -14 12 26 -25 24 22 0
-46 -44 42 -57 56 -54 -52 50 48 64 -61 0
-46 40 -57 52 50 69 67 -65 -64 58 0
-9 19 -18 -36 -35 34 0
10 6 19 18 17 -32 0
-47 40 -57 -52 -50 48 67 65 64 59 0
47 57 54 -65 64 -63 61 -59 -58 0
-47 44 40 -56 54 -64 62 -61 59 0
29 27 92 91 -22 0
-47 46 -44 -57 56 -54 -52 48 66 64 60 0
46 44 38 54 -67 -66 -65 62 0
-44 -57 -56 48 -68 65 -64 -63 62 60 0
46 40 56 54 48 66 65 -63 -61 0
10 6 -19 17 16 35 -33 32 -31 0
44 42 56 52 -69 -65 58 0
-9 -8 7 -20 19 -18 -17 37 -34 0
32 -97 -103 0
97 81 -27 -96 0
5 -27 0
5 -13 26 25 23 -22 22 22 0
-47 -44 38 54 52 69 -67 -65 63 -60 0
-10 -8 -7 -17 -16 37 35 34 0
-47 -46 -44 40 38 56 -64 -60 0
-3 -2 14 -13 -12 -26 -25 24 0
-44 -57 -54 -48 -65 64 63 61 -60 58 0
-4 3 15 -14 25 23 22 0
-75 -72 -23 22 22 -91 88 0
-47 42 40 -57 52 50 -66 -64 58 0
47 -46 42 -40 -57 54 -52 -67 65 0
-46 -44 -42 -40 -56 -50 68 -64 58 0
47 -42 40 -54 67 -66 -65 -64 63 0
-46 42 57 -54 50 -68 65 -59 0
75 72 -23 -22 -22 -91 -88 0
62 59 -32 -31 -30 -74 -71 0
-9 20 18 -34 32 -30 -28 0
-42 -40 -57 69 68 66 63 62 -59 -58 0
5 3 15 13 24 -23 -22 0
-47 46 -42 57 -52 -65 64 62 -61 60 0
47 46 38 56 54 -63 -60 -59 0
44 42 40 57 -63 -60 59 58 0
65 -35 -78 0
-44 42 57 -54 52 50 64 -63 59 0
3 -2 -15 27 26 24 23 0
47 42 54 52 68 65 -63 -61 58 0
-42 -40 -57 -56 54 64 -62 61 60 59 0
4 -14 -13 -12 22 0
-47 40 -57 -54 52 -50 -65 62 -60 59 0
46 -44 -42 -40 57 48 -63 -59 0
-46 57 -56 -52 48 63 -61 60 -59 0
-40 54 -69 -67 66 -65 63 -62 0
95 102 -103 0
8 -19 -18 34 -32 31 30 0
44 54 52 -68 -66 -65 62 58 0
-47 44 -42 -57 54 65 -63 -62 60 59 0
8 -20 17 16 32 -30 0
-7 -19 -18 -37 34 30 29 0
-46 42 57 56 54 -52 48 -63 -62 -60 0
47 -44 -42 -57 -56 -52 67 65 0
35 106 0
-47 46 42 38 57 -56 64 -63 -60 0
5 45 -47 0
46 -44 50 68 -65 63 61 60 59 -58 0
-46 40 -57 -56 68 -64 62 -60 -59 0
-46 44 -42 57 -54 52 -50 68 -65 64 0
-10 9 18 -16 37 35 32 -30 -29 0
-79 -94 96 0
46 44 -57 56 -52 50 64 -62 -61 58 0
-77 71 25 -24 -23 -22 -22 -22 -93 -87 0
37 108 -22 0
-46 -44 38 54 -50 -62 -61 -60 -59 0
62 60 32 -31 74 -72 0
77 70 -25 -24 -23 -22 -22 -22 -93 0
47 -40 57 -50 -65 64 63 61 60 0
-47 46 57 52 -50 -48 67 65 63 61 -60 0
47 54 52 -50 48 -64 61 60 59 0
-47 46 -44 -38 -57 -52 -50 67 -65 -62 0
77 76 -94 -92 0
-5 4 -15 14 12 26 0
-10 7 6 18 32 -30 0
44 -40 54 -50 -69 -64 -61 0
-10 9 -18 17 37 36 34 0
-10 -20 19 -18 34 -33 32 -28 0
29 -92 91 90 89 88 87 22 -22 0
38 -57 -56 -54 69 68 67 64 -63 0
-10 9 -20 -19 -32 29 -28 0
47 44 56 -66 -65 -64 61 60 0
-46 40 56 54 -52 -62 -61 60 -58 0
6 16 -29 0
-46 -56 54 52 69 -67 66 -65 0
-76 72 24 -23 -22 -22 -92 -88 0
47 -52 -50 -67 -66 65 63 -62 59 0
-46 44 40 -52 68 66 63 62 59 -58 0
-61 -31 30 29 -73 70 0
-44 42 40 57 50 48 63 -60 0
73 72 22 89 -88 0
-47 46 -42 38 -56 54 63 62 60 -59 0
9 -20 18 36 -35 -34 0
-4 -3 -2 27 -26 22 0
-9 6 18 31 -29 0
46 -44 57 56 -52 48 63 -62 -60 -59 0
9 -8 -7 19 -31 -28 0
10 -6 19 -18 -34 -32 31 -30 0
46 44 57 56 48 -63 -60 -59 0
60 59 30 72 -71 0
-46 40 -57 54 -50 -65 63 -61 -60 59 0
8 -19 18 -36 35 -33 28 0
-10 -9 20 19 16 -34 33 0
-73 71 22 -22 -89 -87 0
-9 7 18 -36 35 -34 -31 29 0
6 -20 -19 18 17 37 36 32 -29 0
-9 -20 16 -32 -31 30 -29 0
-44 -38 -57 54 52 -68 66 65 60 0
44 56 -54 -52 48 -62 -59 0
-10 7 -19 -18 37 33 30 -29 0
8 7 -20 19 36 -34 29 0
-8 -19 16 -31 -29 0
47 46 -44 40 38 -56 -54 52 -64 -63 0
-5 -4 -3 15 -12 -24 -23 0
57 56 -68 0
-40 -38 -57 56 54 -64 63 61 60 59 0
-7 -18 35 34 33 32 31 0
-8 -19 16 36 -33 32 -30 29 0
47 40 -57 56 65 63 62 -61 60 -59 0
5 -3 14 13 22 22 22 0
-9 -19 -31 -30 29 -28 0
44 54 -69 -65 -63 62 0
47 46 42 56 54 -50 -65 -62 0
40 52 48 -60 0
42 3 -8 41 0
46 -44 -56 -54 50 -62 61 59 -58 0
29 28 -92 22 0
-47 -46 44 -42 -56 -54 52 -48 69 66 0
-65 58 35 -34 -33 -32 -31 -30 -29 -28 -77 0
-74 -72 22 22 90 88 0
-10 -8 -18 -16 35 33 31 -29 0
27 25 90 89 0
-47 -44 -57 52 -50 66 -65 -63 59 -58 0
-47 -42 56 -54 -52 -50 -48 69 67 0
-34 101 -105 0
-46 -44 -40 -38 56 -54 52 -50 -62 -61 0
-60 34 33 32 31 78 77 72 0
-99 -104 105 0
10 8 20 18 34 -33 -32 0
-46 -56 68 67 66 0
5 3 2 -14 24 -23 0
-62 32 31 30 29 74 70 0
-10 -9 -8 -20 18 17 35 28 0
35 34 33 32 31 30 29 78 70 0
26 -94 96 0
-47 -46 -44 -42 -52 69 66 65 0
-46 44 -40 -38 -56 -64 63 61 -60 59 0
-77 -76 -25 -93 92 0
-47 44 -52 68 66 65 -64 -61 -59 -58 0
-47 -46 42 54 48 -68 67 -66 -64 0
-4 3 2 14 22 0
-2 -39 41 0
-4 -3 -13 -12 27 26 24 23 0
47 46 -44 -42 -40 -54 52 -65 -64 0
-10 -8 6 -20 16 -35 -33 -32 31 0
-47 56 54 52 68 -66 0
97 103 -104 0
-47 44 42 -38 57 -56 54 -52 -65 62 0
4 15 13 25 -24 -23 0
-47 -46 -44 42 40 -66 -63 -60 0
-46 -44 40 54 -52 -67 66 -65 -63 0
-61 -58 31 30 29 28 73 0
76 -75 -24 92 91 0
46 40 -57 -56 48 63 -62 -59 0
9 8 20 17 -33 -32 28 0
-44 -54 52 -69 -67 -66 0
-44 -40 38 -56 -52 50 68 67 -64 -63 0
-47 42 -57 -54 50 -64 61 60 59 -58 0
44 -42 -52 50 -69 -66 -65 58 0
46 -44 56 54 -50 62 -61 -59 -58 0
-44 -54 50 -65 64 63 62 -60 59 -58 0
74 73 22 90 -89 0
-42 -38 -57 -54 -63 60 59 58 0
-46 -44 42 57 52 48 -63 62 -61 0
-46 40 -56 54 -52 62 -61 60 -58 0
46 -42 40 -38 57 -56 -52 -64 63 59 0
10 -9 -8 7 -19 18 36 -32 -29 0
-20 19 -18 17 37 -32 31 -30 -29 0
46 44 57 56 -50 66 -65 64 0
-9 -20 -18 37 36 34 -29 0
46 -44 -42 -56 50 -66 -65 -64 -63 0
44 57 -56 -54 50 48 -63 -60 0
-46 44 -57 56 69 67 59 58 0
47 42 -40 54 -52 50 -68 66 0
57 54 52 50 65 -64 -61 0
-47 -46 -52 -50 48 69 68 -66 -65 0
9 -7 -20 -19 -33 30 -28 0
-46 44 42 57 -56 -54 -67 -65 0
-7 -17 -29 -28 0
5 -15 13 -12 -23 22 -22 0
-47 46 44 -42 -57 54 -52 66 -65 0
46 -44 -42 40 -38 -57 56 -54 -65 61 0
-46 44 -40 56 -54 -50 -65 64 62 0
-46 -44 -42 -40 57 -52 -48 68 65 63 0
-5 -3 -15 -13 27 25 0
-47 46 -44 -57 -56 54 -67 -59 0
-10 -9 -20 17 -32 -31 -28 0
-56 54 -52 68 67 65 -64 63 -62 -59 0
-47 -46 -44 42 -56 54 -50 -48 69 -65 0
-44 56 48 62 61 -60 -59 0
9 -20 -19 18 37 -32 -31 -30 -29 0
29 27 -92 91 22 0
4 -3 -2 -14 13 12 25 -24 0
-5 -4 3 14 -13 -12 27 -24 0
-26 -24 89 -88 22 0
44 -56 48 62 -61 60 -59 0
-46 44 42 38 -54 -62 -59 0
-65 -59 35 34 33 32 31 30 77 71 0
65 59 -35 -34 -33 -32 -31 -30 -77 -71 0
-47 42 -57 52 -66 65 63 61 -59 0
-47 -42 -40 -56 -52 -50 69 -66 65 64 0
-10 9 -19 -18 17 32 -31 -30 -29 0
-47 -44 42 -56 -54 50 -67 66 -65 59 0
44 42 -54 -50 -61 60 59 0
30 92 91 90 89 88 87 -102 -22 0
-8 -7 -17 -16 -37 34 33 32 0
-46 -44 -42 -40 -52 -50 69 65 64 0
-9 7 20 -19 36 -32 -29 -28 0
44 54 52 50 -68 -66 -65 0
-47 -44 -40 -57 -54 -50 -65 -64 -59 0
-29 -23 92 -91 -90 -89 -88 -87 -86 -22 0
9 17 -16 -31 29 28 0
-47 -46 -56 50 -48 64 62 59 58 0
46 -52 50 67 -66 63 -62 -61 -59 0
-46 -40 38 57 -54 -52 -68 64 59 0
-46 -42 -38 -57 -54 -52 69 68 65 0
47 44 -57 54 -52 -63 62 60 -58 0
42 -52 60 -58 0
4 -2 15 -14 -13 -12 26 23 0
20 55 -57 0
8 6 -18 31 -30 29 0
-44 -42 -40 -57 -56 54 52 68 65 59 58 0
-5 -15 -14 13 12 22 -22 0
-44 42 57 -56 -54 -52 -66 -65 0
-47 -46 44 -42 -56 69 -66 60 -58 0
-46 44 38 -54 50 62 -61 -60 0
47 46 44 -66 -65 -64 0
-44 54 52 50 61 -58 0
37 -80 82 0
-47 46 44 42 -57 -56 -48 -64 60 -59 58 0
46 -44 40 -38 -57 54 -52 64 63 -60 59 0
-47 -42 -40 -57 -52 -68 66 65 63 0
-8 -7 -20 -19 36 33 -30 -28 0
-6 -19 18 31 29 28 0
30 -102 0
-10 -19 -18 -17 37 33 -30 29 28 0
-24 -87 -22 -22 0
-18 37 34 33 32 30 -28 0
-4 -15 -14 -13 -23 22 0
8 18 -33 -31 29 28 0
-42 54 48 61 -59 0
46 57 56 54 50 48 -64 0
-46 44 42 -40 -38 57 -68 65 -62 0
-47 46 44 52 -50 69 68 65 64 0
3 -15 14 26 25 -24 -22 0
13 18 -53 0
2 12 0
46 44 -56 54 62 -59 -58 0
-44 -56 52 50 65 63 -62 59 -58 0
-17 -49 51 0
-47 46 -56 54 52 69 67 0
-63 -58 -33 32 31 30 29 28 -75 0
-47 46 57 -52 50 68 67 65 0
-44 42 40 54 52 -67 66 65 0
1 0
-46 -44 54 -52 -48 69 -68 -65 61 59 0
74 -73 -22 90 89 0
7 20 18 17 16 -32 0
-47 -57 -68 67 64 63 -62 -59 58 0
-47 -44 40 -56 54 -52 -50 68 65 64 0
-47 -44 -42 40 -38 -57 56 68 -64 63 58 0
47 -46 -42 57 -56 54 50 63 59 -58 0
-9 16 37 36 35 34 32 -29 0
46 42 -40 -56 54 -52 -62 61 -58 0
-47 42 -57 -54 65 64 -61 -60 59 -58 0
-44 42 54 -52 -67 66 -64 59 58 0
-10 -9 19 -17 -16 37 35 34 0
44 42 54 -50 -61 -59 -58 0
-54 -69 -67 -65 -59 -58 0
-44 57 -56 -54 50 48 63 -60 0
-9 -8 -7 -17 -33 -32 -28 0
46 44 57 56 -52 48 63 -61 60 -59 0
36 107 0
-10 8 -7 20 18 16 -34 -33 0
-47 -42 38 -57 54 66 65 63 -62 60 59 0
-46 -42 38 -50 68 67 65 63 -61 -60 0
44 -42 -40 54 -69 67 -65 0
46 38 54 52 50 -62 0
-56 54 65 64 62 61 60 -59 -58 0
-4 -3 2 -15 14 -13 -12 27 -24 0
-77 -72 -25 24 23 22 22 -93 88 0
-34 -101 106 0
-63 59 33 -32 -31 -30 -75 -71 0
46 40 38 -52 62 -60 0
-47 56 54 68 -67 0
2 39 -41 0
-8 7 18 -37 35 -34 0
42 -56 54 52 50 48 -64 63 0
46 -42 -56 54 52 68 -66 -65 0
-46 -44 -42 -40 -50 -68 64 -63 58 0
-4 3 -13 27 26 25 23 -22 0
46 -44 -57 56 48 63 60 -59 0
38 -54 69 -68 -67 65 -61 60 -59 0
4 -3 -15 27 25 24 0
-47 44 -56 -54 52 67 -66 -65 59 58 0
-46 42 54 52 -69 67 65 -59 0
-44 -42 56 -50 -48 68 65 64 63 -59 0
-10 7 -20 18 -17 37 31 -30 0
77 72 -25 -24 -23 -22 -22 -93 -88 0
-77 74 25 -24 -23 -93 -90 0
40 -38 57 -63 61 60 59 58 0
46 44 -57 56 -54 -65 64 -63 -58 0
-27 24 -90 89 88 -22 0
-46 44 -40 -56 -54 62 -61 -59 -58 0
44 4 9 -43 0
-65 -61 35 34 33 32 77 73 0
47 -46 -54 -52 50 64 63 -62 -60 -58 0
-8 6 18 16 31 -30 0
6 -20 17 -36 35 -33 -32 29 0
-4 15 -13 -12 25 22 0
-9 -7 19 -17 -16 -35 33 -30 0
-56 -15 20 -55 0
-4 2 15 -14 26 -22 0
63 -62 -33 75 74 0
47 44 56 -54 48 -65 64 61 -59 0
66 78 -80 0
-46 -44 57 56 -54 -52 48 -63 -60 -59 0
46 40 38 56 54 50 -64 61 0
-44 42 40 -56 48 -62 -59 0
-46 -44 42 -40 -57 56 -54 52 69 -65 58 0
-25 23 -88 87 86 0
-46 -44 -42 -40 -57 -48 68 65 59 0
-63 -33 32 31 30 29 -75 70 0
64 -60 -34 33 32 31 76 72 0
69 -68 65 -64 63 62 61 60 -59 0
40 -54 -69 68 -65 -64 60 -59 0
-47 46 42 40 -56 52 -50 -65 64 58 0
4 -3 -2 -14 -12 25 24 0
64 -35 -78 -76 0
75 73 23 -22 91 -89 0
-46 -56 69 68 -67 -65 -63 59 -58 0
44 57 56 54 50 48 -63 0
10 9 20 19 -32 -29 -28 0
-40 -2 -7 39 0
10 -9 -20 19 -17 -32 -31 -29 -28 0
-42 40 -56 54 52 50 64 58 0
-4 14 13 12 22 0
46 56 54 -69 0
9 19 -35 -33 -31 -30 0
47 -42 -40 -54 -52 -67 66 65 64 0
44 40 -54 50 48 63 -62 61 0
63 58 -33 -32 -31 -30 -29 -28 -75 0
46 -44 -42 -68 64 63 -60 -59 58 0
-5 14 -13 27 25 24 0
44 42 54 50 -68 -66 -64 59 0
-47 -57 54 69 -65 -60 -59 -58 0
52 -13 -18 -51 0
44 4 -9 43 0
-74 73 22 -90 -89 0
-47 46 -42 -40 -57 54 64 -63 -61 -60 59 0
4 -3 -2 14 -13 -12 -24 23 0
-46 44 -40 -38 -57 56 -54 -50 69 63 60 0
8 18 -35 -32 31 -29 28 0
-7 -16 29 28 0
-46 -40 56 -54 62 61 -58 0
-63 62 33 -75 -74 0
-47 40 38 -54 52 50 -63 -60 0
47 44 -42 54 -52 -48 63 62 61 -60 0
-52 -13 -18 51 0
-73 -72 22 89 88 0
-10 9 8 18 36 -34 30 28 0
-47 -44 -42 -38 -57 54 -50 69 -65 59 0
-30 23 -93 92 91 90 89 88 87 86 0
65 64 -35 -77 -76 0
-5 -3 -14 13 -12 -26 -25 0
36 -78 80 0
-5 4 2 15 23 22 0
-28 24 -91 90 89 88 -22 0
-57 -56 -54 52 50 -65 -62 -61 -58 0
46 44 42 57 56 50 -64 58 0
-42 -57 -56 -66 64 -63 -62 -60 -58 0
-9 19 -18 -17 31 -28 0
26 24 89 88 -22 0
47 46 38 -56 50 63 62 -59 0
46 44 -40 -54 -52 50 -68 65 -62 0
-4 -3 -14 13 27 26 -24 23 0
40 57 -52 -68 67 -64 -63 59 -58 0
-46 -42 40 57 54 -52 -50 65 63 0
-38 56 54 52 68 -66 -64 63 -62 -60 0
42 38 56 -69 -67 -65 59 0
-10 -9 -8 20 -17 -34 -33 0
-62 -58 -32 31 30 29 28 -74 0
-46 -44 42 56 54 -50 -62 -59 -58 0
-44 -40 57 56 50 -63 62 61 59 0
42 57 50 -68 -65 -64 -63 59 0
-9 20 18 17 34 -33 0
-44 4 9 43 0
46 -42 56 52 -67 66 -65 -59 0
-5 4 -15 14 -22 0
-46 -44 56 54 -52 -68 -66 63 0
-46 44 -42 -40 38 -56 52 67 63 -62 -60 0
-47 46 -44 54 -52 50 -48 64 62 -61 0
44 -42 57 -50 -65 63 -62 -60 59 -58 0
-9 -8 -19 -18 17 36 -34 29 0
-47 46 -42 57 54 -50 66 61 60 -58 0
10 9 20 -35 0
-47 -46 -42 -40 -38 -50 69 -66 -63 -60 0
-47 46 -44 -42 56 54 -50 67 -63 62 0
-44 40 -57 -56 54 52 50 65 64 0
-42 -52 69 66 65 63 61 60 -59 0
44 40 -57 -54 -52 69 68 63 59 -58 0
46 -40 -52 -68 -67 -65 61 60 0
-46 44 -42 52 -50 69 64 -61 59 -58 0
46 -56 54 52 48 63 -60 59 0
-42 -40 57 -52 -50 67 66 65 64 63 59 0
-10 8 -18 -17 16 37 34 -33 -32 0
9 -8 6 -35 -34 -33 -31 29 0
40 -2 7 39 0
46 -57 50 69 68 -67 -66 -63 0
47 -57 -54 52 -63 62 61 60 -59 -58 0
10 -9 20 19 17 33 -32 0
-4 3 -15 13 -12 25 -22 0
3 2 15 14 23 -22 -22 0
-47 46 -56 -54 69 -67 66 0
-56 -15 -20 55 0
-9 8 -20 -19 -36 -35 0
-44 -42 56 -52 48 62 60 -59 0
61 59 31 -30 73 -71 0
47 46 44 40 57 54 52 -63 0
-10 -7 -20 -17 35 -34 -33 28 0
-44 -56 -54 52 48 62 61 60 -59 0
-47 44 -54 50 69 -68 64 63 62 -59 0
-47 -44 -42 40 38 54 63 -62 61 0
-8 7 20 -19 18 36 35 33 0
10 7 19 16 35 -33 -31 30 0
10 9 6 -20 -18 -34 32 0
-10 8 18 -17 -16 -34 -33 -32 0
-101 -105 106 0
76 74 24 -23 92 -90 0
-8 7 19 -37 34 -31 29 0
-47 -46 44 56 54 -52 -48 64 -63 -60 0
7 -17 -37 34 -33 -32 28 0
-77 73 25 -24 -23 -22 -93 -89 0
-44 38 52 61 -59 0
47 42 -40 -38 -56 -52 -50 68 64 63 0
47 -44 -40 -38 57 54 -52 -50 65 64 0
44 -57 56 48 68 -66 -64 -61 -60 0
-47 -46 44 42 -54 -52 69 68 -66 0
-44 57 56 -54 52 50 48 64 0
9 -19 -18 -17 31 -28 0
-47 57 50 67 -64 -63 61 -59 -58 0
-19 -53 55 0
44 42 38 -57 68 -67 -64 -63 -61 59 0
47 42 57 -56 -50 66 -63 61 59 -58 0
47 42 -40 54 -50 -68 66 -65 0
-3 -41 43 0
-46 42 57 -54 50 66 -64 63 -59 0
-42 -56 50 48 -62 -60 0
-47 -46 40 -56 48 69 -68 -67 -64 0
-42 38 57 -50 -68 64 -62 -60 0
-10 -6 -19 -35 34 -33 31 -30 0
-27 96 -98 0
-57 -56 -52 -50 67 -64 60 -59 -58 0
-44 -40 38 -57 -68 -65 -64 -62 60 59 0
8 -20 -18 17 35 -34 33 -31 0
-6 -20 19 32 30 29 28 0
14 -27 -26 0
-46 -57 56 52 -50 -48 64 -63 62 -59 0
-33 -104 105 0
46 -40 -56 -54 62 61 -58 0
47 42 -40 -38 56 -54 -52 68 66 -64 -61 0
-10 9 8 7 20 32 -28 0
-59 35 34 33 32 31 30 78 71 0
5 -3 2 -15 -14 -23 0
-9 -7 19 18 -31 30 29 0
3 -13 22 0
9 7 -19 -18 17 -31 30 0
-10 -20 -17 34 -31 29 -28 0
-9 8 7 -20 37 35 30 0
-46 -44 -42 -54 -52 -48 66 64 61 0
9 -8 7 -20 19 36 34 0
61 -58 -31 30 29 28 73 0
-10 17 -16 32 30 29 28 0
-47 46 -42 38 56 -54 -63 -62 -60 -59 0
-5 -3 -2 -12 27 25 24 0
-9 -20 -19 -18 -33 32 -28 0
19 18 -37 -34 -29 0
-9 -8 20 19 -16 -33 -32 -29 0
9 8 7 -20 32 -29 28 0
77 74 -24 -23 -94 -90 0
47 -46 -44 -42 52 68 67 -65 64 0
-46 42 -40 57 -54 -50 -48 -68 -65 0
-46 44 -42 56 -54 -62 -60 -59 -58 0
44 -4 9 43 0
-14 -19 55 0
-46 -44 57 56 -50 -48 66 65 64 0
-61 -59 -31 30 -73 71 0
-9 -8 7 -19 -18 36 -34 28 0
-5 -4 -13 12 27 -25 -24 -22 0
-44 -42 -54 -52 68 67 -66 65 64 0
-46 -57 -56 69 68 64 -61 -60 0
79 -66 -36 78 0
44 42 40 56 48 -62 0
-47 46 -44 42 -52 68 -67 66 -65 58 0
-6 -16 28 0
-46 5 10 45 0
-44 57 56 54 50 48 63 -60 0
-47 44 57 -54 50 64 62 -59 -58 0
-5 4 13 27 25 22 -22 0
-30 27 -93 92 91 0
46 40 -57 -56 67 -66 -65 61 60 -58 0
-47 46 42 -40 52 -50 -48 -67 65 -64 0
42 -40 54 -52 68 67 -66 -65 -64 0
42 38 -54 48 62 -61 60 0
-46 44 -57 54 68 67 66 -65 0
40 -57 -56 -54 52 66 64 63 -62 -61 -59 0
44 -42 -40 54 -52 -50 68 -66 64 -63 0
44 68 67 -64 -63 -62 60 59 -58 0
5 14 -26 -25 0
8 -7 19 17 -36 33 28 0
44 54 -68 66 65 63 -60 -59 0
76 75 -24 -92 -91 0
10 8 6 -20 18 -34 -30 0
44 -42 57 -54 50 68 66 63 -62 -61 -60 0
46 -40 56 -54 -62 61 -58 0
-47 40 38 56 -54 -64 -61 -60 0
-47 -46 -44 42 -54 50 68 65 -64 59 0
-47 -46 44 -42 56 -54 52 48 69 -64 0
46 56 68 -67 -63 59 -58 0
42 -3 8 41 0
30 25 92 91 90 89 -102 0
-9 -19 -31 30 -29 -28 0
-46 -42 -40 -57 -54 -52 50 68 -66 64 58 0
-10 -19 -18 -17 -33 29 -28 0
42 -54 -52 67 65 63 62 61 -59 0
-64 -60 34 33 32 31 76 72 0
-47 40 -48 68 67 -66 65 -64 -62 -61 0
-40 -57 56 -52 69 68 -64 -63 60 -58 0
-46 42 38 -57 -56 52 69 -67 66 0
64 -58 -34 33 32 31 30 29 28 76 0
-9 -7 -19 -18 36 35 32 0
44 42 -40 -57 54 -50 68 -66 65 0
47 40 56 -52 -66 -65 -64 62 -60 59 0
-74 25 24 23 94 90 0
3 13 12 -27 -25 -22 0
46 57 -68 -67 0
44 -40 38 57 -54 -64 61 60 59 0
-44 -42 -56 -54 -48 68 -66 64 62 61 -60 58 0
-74 24 23 94 93 90 0
-46 -44 42 -54 -52 50 69 68 -64 -63 60 59 0
46 -57 -56 -54 52 -48 64 -62 61 -60 0
-47 54 68 67 63 61 -60 59 -58 0
46 -44 -42 40 -57 56 -54 -52 68 -65 0
46 -44 -56 50 62 -61 -58 0
-44 40 -52 48 -62 -61 60 0
-28 26 -91 90 0
-47 -46 -44 -40 52 66 -65 -64 -62 0
60 -58 -30 29 28 72 0
-44 40 -57 -52 67 -66 64 -63 -62 -58 0
10 8 -7 -6 20 -17 34 -33 -32 0
-47 -44 57 -54 -52 -50 48 68 -65 -63 0
40 -50 48 -60 59 0
-47 -44 -42 -56 -54 69 68 0
65 59 -34 -33 -32 -31 -30 -78 -71 0
-3 2 15 -14 13 26 25 23 0
-42 40 57 -56 65 64 63 61 -59 0
46 -44 38 -56 -54 52 -67 -64 63 -62 0
5 -13 -12 -25 -23 22 0
-64 63 34 -76 -75 0
9 43 -45 0
65 61 -35 -34 -33 -32 -77 -73 0
47 -44 42 56 54 -50 -64 -63 59 -58 0
42 40 -57 56 -54 -65 -64 61 -60 0
44 42 -56 54 -52 48 -62 60 0
-2 -15 -14 -13 27 26 24 23 0
-42 40 52 50 -69 66 -65 58 0
46 44 -40 -38 -57 -56 -54 69 65 0
47 -44 -42 56 54 -52 -50 67 64 63 59 0
-47 -46 54 -50 -48 69 68 66 65 0
28 91 90 89 88 87 -22 0
8 20 18 16 -34 33 -30 0
-9 -8 -7 19 31 -28 0
46 -44 -42 38 -56 48 63 -60 0
-30 26 -93 92 91 90 0
-47 46 -44 56 -54 -50 48 -64 -62 59 0
-47 38 -57 54 50 -65 64 -61 -59 0
-46 -44 -56 50 48 64 62 61 -60 0
-61 -58 -31 30 29 28 -73 0
9 -7 20 18 -16 -34 -33 32 0
24 23 87 86 -22 0
-64 34 33 32 31 30 29 76 70 0
10 -9 -8 -7 -17 -16 36 35 33 0
46 -42 56 -54 -52 69 67 64 62 61 0
-8 20 17 16 32 -30 0
42 38 54 50 48 -62 0
46 42 -57 -56 50 69 -64 -63 -60 0
-46 -44 42 -54 -52 50 69 68 -67 65 -62 0
44 -42 56 -54 68 64 63 62 -61 -58 0
72 -71 -22 88 87 0
-10 8 -7 -20 18 -17 -36 34 0
-65 -62 35 34 33 77 74 0
40 50 -68 66 -65 -62 -61 -58 0
-40 -56 -54 52 68 66 65 64 63 -60 0
46 -44 -57 -56 48 63 -60 -59 0
46 42 -40 56 54 62 61 -60 -58 0
-33 -99 105 0
47 -46 -44 40 -56 -52 -64 60 -59 0
3 -15 13 25 24 22 0
57 -54 52 48 -68 66 65 64 -60 0
-46 -42 -57 -56 -54 52 69 -66 -62 59 0
72 -25 -24 -23 -22 -22 -94 -88 0
47 44 57 54 66 -65 -60 -59 0
-46 57 56 54 -50 65 64 63 0
44 42 40 -56 50 66 -64 58 0
-75 70 23 -22 -22 -22 -91 0
-44 42 38 -57 54 69 67 66 65 0
9 -8 -7 20 16 -32 -29 0
-10 -45 47 0
-46 -44 -42 38 56 48 63 -60 0
4 3 14 -25 -24 0
-76 -73 -24 23 22 -92 89 0
47 46 57 -67 0
10 7 -6 -20 -18 35 -34 33 0
50 -12 17 49 0
-10 8 7 -19 17 -34 -33 28 0
47 -44 40 -56 -52 50 -68 65 -64 0
-10 -8 -19 -17 -34 33 32 -30 28 0
-44 54 -52 69 -66 -63 -62 -60 -58 0
5 15 14 -25 0
-69 -68 -64 -58 0
-46 44 -42 -40 -57 -56 54 69 -66 0
72 70 22 88 0
-7 -20 -19 -18 37 36 34 33 0
-46 -44 42 -57 -52 68 -66 65 63 0
-46 -54 -52 -50 68 67 63 -59 -58 0
61 58 -31 -30 -29 -28 -73 0
-46 -44 -42 -40 57 50 64 -61 59 0
-61 35 34 33 32 78 73 0
47 57 -68 0
-42 40 -57 -56 -54 -52 -66 -65 0
-44 -40 54 -50 48 62 59 0
47 46 -44 -40 57 52 -50 65 -64 63 0
-46 -54 52 50 -62 -59 58 0
47 -40 38 -57 -56 -54 -52 -65 0
8 -19 16 31 -29 0
74 70 22 -22 -22 90 0
-75 -71 23 22 22 22 91 87 0
46 -44 -42 -40 -57 -52 69 67 -59 0
-2 15 -14 -12 -25 24 22 22 0
-64 -59 -34 33 32 31 30 -76 71 0
-47 -46 -40 -56 -54 -50 -67 -65 -62 0
-47 -46 -38 56 -52 -50 -68 64 59 0
-4 15 -13 -12 25 24 22 0
-44 42 -40 -56 -52 50 -69 68 67 65 0
38 -56 50 -68 -67 -64 -63 -59 0
-42 -52 -69 68 -64 63 -60 -59 0
9 8 -7 19 -17 31 30 -28 0
-4 -2 -14 -13 22 -22 0
44 -42 -40 56 -54 -52 67 66 -65 0
9 19 36 -35 -34 0
62 61 32 74 -73 0
46 42 40 -54 -52 50 -64 63 60 0
-46 -44 -42 -40 69 -68 63 -58 0
76 -71 -24 23 22 22 22 92 87 0
83 -68 -82 0
-66 36 80 0
-40 -57 -56 52 -48 65 -64 -63 -61 0
-5 -3 2 -14 -13 -12 27 -24 0
29 25 92 91 90 89 -22 0
-65 -58 35 34 33 32 31 30 29 28 77 0
-47 -46 -44 38 -56 50 -63 61 -59 0
9 20 19 17 34 -33 28 0
46 -54 -52 -69 67 -63 -62 -58 0
-65 -60 35 34 33 32 31 77 72 0
-44 -42 56 -54 -68 -67 66 65 0
44 38 -52 61 -59 0
-44 56 54 52 48 62 -59 0
-47 46 -42 -38 57 -54 52 66 65 -59 0
-2 -15 14 27 26 22 -22 0
76 -73 -24 23 22 92 89 0
44 42 -40 57 -54 67 63 62 -60 59 0
47 -46 -44 -42 38 56 -50 -64 60 59 0
-47 46 -38 -56 -50 69 -64 62 -61 60 0
57 -54 -50 68 67 66 64 63 59 -58 0
-9 7 19 -18 17 33 -32 28 0
47 44 -40 57 -54 -52 50 -66 -64 62 0
-42 -54 48 -61 -59 0
-44 -52 50 69 -68 63 -60 59 -58 0
-44 40 57 56 -54 50 48 -63 -62 0
-46 44 -42 56 -52 48 -63 62 59 0
-46 -40 -52 67 -66 65 -62 61 -60 -58 0
-47 -46 44 42 40 -52 -50 -64 -63 58 0
-30 -23 93 -92 -91 -90 -89 -88 -87 -86 0
29 23 92 91 90 89 88 87 86 -22 0
46 -44 -40 52 69 -67 63 -62 59 -58 0
-44 40 56 -54 -62 61 60 -59 58 0
-40 -68 65 64 63 62 59 -58 0
-44 -38 -57 52 -50 69 -67 66 -64 63 0
40 56 52 50 48 -62 0
-3 2 13 -27 25 -24 0
46 -44 54 50 62 61 60 -59 0
-47 44 -42 57 -54 -63 -62 -60 -58 0
-47 40 38 -56 -52 50 -64 63 -62 -60 0
-65 60 35 -34 -33 -32 -31 -77 -72 0
-99 83 -98 0
-57 -56 -54 -52 48 68 63 60 -59 0
47 44 -42 56 -50 65 -64 -62 -59 -58 0
-46 -44 -42 -40 -57 52 50 65 58 0
42 56 50 48 -62 -60 0
20 19 -36 0
-62 58 32 -31 -30 -29 -28 -74 0
-5 -4 3 -2 -14 -12 27 -24 0
31 102 -103 0
-56 54 52 50 69 64 -63 -60 59 0
-47 44 -42 57 -56 52 65 -62 -59 58 0
-29 -92 91 90 89 88 87 -22 -22 0
44 -42 56 -54 -52 -68 -66 -62 0
-8 -19 -17 35 -33 32 -29 -28 0
46 -44 56 -50 -62 61 -58 0
14 53 -55 0
-47 44 54 -52 50 69 68 65 -64 0
-3 2 -15 -14 27 -25 -24 23 0
47 -46 38 56 -52 50 63 62 -61 -59 0
-10 9 -19 18 37 35 0
46 42 40 -52 48 63 -62 60 0
-47 46 -42 -50 68 65 -63 61 -59 -58 0
10 7 6 -18 32 -30 0
-9 8 7 -18 17 33 28 0
-63 33 32 31 30 29 75 70 0
-24 -23 87 -86 -22 0
44 56 52 -48 -67 -66 -64 -60 -59 0
47 57 56 54 52 -63 62 60 -59 -58 0
44 40 -56 54 -52 67 -66 64 -63 -59 0
-47 44 50 -48 63 60 59 58 0
7 39 -41 0
-63 -62 -33 -75 74 0
-5 -4 3 15 14 -12 -22 -22 0
-76 -72 24 23 22 22 92 88 0
-31 -95 102 0
46 44 42 52 68 -65 -64 0
47 -46 -42 -40 56 52 -48 66 -63 62 0
-22 33 99 104 0
-5 4 -14 -13 12 22 -22 -22 0
-47 46 57 -56 -54 50 -65 60 -58 0
46 -42 40 57 -54 52 66 -64 -59 0
-42 -40 -38 57 -54 -50 67 65 64 62 0
46 -44 -57 66 -64 -63 60 59 -58 0
24 93 92 91 90 89 88 -102 -22 0
47 -46 57 -56 -64 -60 -59 -58 0
-46 -42 -40 38 -57 -56 -65 -64 -63 62 59 0
-5 2 -15 14 -22 22 0
46 -44 -40 57 -54 64 -63 -62 -61 58 0
-28 27 -91 0
29 24 -92 91 90 89 88 22 -22 0
-42 -40 -57 56 -54 52 -50 67 -65 61 0
-46 -44 -57 56 48 -63 60 -59 0
-73 -72 -22 -89 88 0
-47 -46 56 54 -52 -50 69 66 0
-46 42 -40 54 -52 -50 -69 -66 0
-40 54 50 61 -60 59 0
46 -44 42 56 -50 62 -61 60 0
-42 40 38 54 -63 62 61 60 0
7 -19 -18 16 -36 35 -33 -32 0
-44 -54 -52 50 61 60 59 -58 0
7 -20 17 16 32 -31 30 0
6 -19 -37 -32 -31 30 -29 0
44 -42 -40 56 48 -62 -59 0
-68 -82 84 0
-46 56 54 -52 -66 -65 64 -62 61 -58 0
59 58 29 -28 71 0
-47 -38 -57 -56 -52 -68 65 64 62 59 0
-44 -42 -40 -57 50 -63 -60 59 0
-44 -42 -54 -52 69 67 66 65 0
-30 -24 93 -92 -91 -90 -89 -88 22 0
-46 -40 57 56 48 63 -62 -59 0
-42 57 -56 -50 66 65 64 -63 62 59 0
73 71 -22 -22 -89 -87 0
8 -19 -18 16 32 -31 30 29 0
-47 46 -44 42 -40 -38 -66 -64 -59 0
5 3 14 13 -24 22 0
-32 -97 103 0
-5 -4 -15 12 -22 -22 0
-10 -9 8 20 19 -17 -32 -31 -29 0
9 -19 18 -17 -31 -30 -29 -28 0
-64 -58 34 33 32 31 30 29 28 76 0
-47 -42 -40 -57 -52 66 65 -63 -60 0
5 -4 3 15 -12 22 -22 22 0
-47 -46 44 42 -57 54 50 -67 -65 -62 -60 0
-57 -56 -54 -52 68 -67 -64 -58 0
8 7 -19 -18 -17 34 -33 0
-47 46 -44 42 -40 -38 -65 63 58 0
-28 -24 91 -90 -89 -88 22 0
-42 40 56 52 -68 65 -64 62 -61 0
-46 44 57 52 48 63 62 -59 0
-44 -57 50 64 -63 62 -60 -59 -58 0
35 -107 0
-46 -42 -57 -54 69 68 65 62 -60 0
-8 6 17 30 -29 0
10 20 18 -35 -34 0
-9 8 -20 18 -17 -16 35 -32 0
47 -44 40 -54 52 68 67 -65 64 -63 0
-44 -42 -54 52 -69 67 66 0
-44 -40 38 -57 52 69 68 66 -64 -63 0
-46 40 -56 54 -62 61 -58 0
47 -46 42 40 -56 -54 -50 -48 65 58 0
10 9 20 19 18 -33 0
-10 37 34 33 32 30 -28 0
-74 70 22 -22 -22 -90 0
-46 -42 -57 56 52 50 65 64 -61 59 0
-46 -5 -10 45 0
46 57 54 52 -66 -65 0
-5 -3 -13 25 23 22 0
64 60 -34 -33 -32 -31 -76 -72 0
-46 42 68 67 63 62 60 59 -58 0
-42 -38 -56 68 67 66 65 63 62 0
-46 42 57 54 -52 50 64 -63 -61 58 0
75 70 23 -22 -22 -22 91 0
30 25 93 92 91 90 89 0
44 -42 -57 56 -48 67 65 -64 60 -59 0
-5 14 13 12 -23 0
47 -46 -44 40 38 -54 63 -60 0
99 83 98 0
-27 26 24 23 22 0
-47 46 -42 -40 -57 -56 -54 52 -66 0
-63 -60 33 32 31 75 72 0
-75 72 23 -22 -22 -91 -88 0
75 71 23 -22 -22 -22 91 -87 0
44 -42 52 68 -67 66 -63 -62 61 -59 58 0
-46 -44 -42 40 -56 -50 -69 65 58 0
-44 -57 54 -66 65 64 -62 -60 -59 0
-47 -46 44 -42 -56 54 -52 50 69 -65 58 0
-44 -40 -38 -57 -56 -52 63 -62 -61 58 0
44 38 54 48 -62 -60 0
-47 -44 42 -57 -54 52 66 65 64 0
44 -42 -68 67 66 -65 63 -61 -58 0
-47 -44 -42 -40 38 -57 -52 66 65 64 59 0
46 42 38 54 -68 -64 -60 59 0
-46 40 -56 50 -67 -64 -63 62 -60 0
-47 -42 40 -57 54 52 -50 -68 -65 64 0
47 -46 -42 -57 54 -52 -65 63 61 -60 0
44 -40 -57 56 -54 48 -63 62 59 0
-46 -44 42 40 -54 -52 50 -64 -63 58 0
-29 27 -92 91 -22 0
47 44 42 57 52 -64 -63 60 -59 0
-8 7 -19 18 17 33 28 0
-47 -44 42 -57 54 -68 66 -65 58 0
-7 6 -20 -19 -18 -17 -34 0
-64 61 34 -33 -32 -76 -73 0
-47 44 -52 67 -66 65 64 -63 -58 0
-5 -3 -15 -13 -25 24 -22 -22 0
4 -3 12 -25 -23 -22 0
-47 46 38 56 54 63 -60 -59 0
42 3 8 -41 0
-47 -42 -57 -54 52 69 65 -64 63 61 0
10 7 -19 -17 -33 32 31 28 0
-47 -46 42 -40 -54 68 66 -63 62 60 58 0
-44 -42 -40 -56 -50 68 67 66 -59 0
65 58 -34 -33 -32 -31 -30 -29 -28 -78 0
47 -46 -40 52 66 64 -63 -62 61 -58 0
44 52 -69 -68 -65 58 0
-10 -7 -20 16 33 32 -29 0
-10 9 -8 -7 -20 18 17 -35 28 0
81 96 -98 0
-47 42 38 54 48 64 -62 60 0
-10 9 -8 -7 -19 -18 37 -34 29 28 0
47 44 56 67 -66 -65 0
-57 52 50 67 65 -64 -61 -60 -59 0
-8 -7 -20 -19 18 17 -33 -32 28 0
-65 59 35 -34 -33 -32 -31 -30 -77 -71 0
-46 -44 42 57 56 -52 -50 66 -64 0
47 57 52 66 -65 63 60 -59 -58 0
-74 -73 -22 -90 89 0
25 24 88 -22 0
-47 44 -42 54 50 69 68 -64 -60 -59 0
27 90 89 88 87 -22 0
-73 24 23 22 94 93 89 0
3 2 -14 -13 -12 24 -23 0
-44 -42 40 -57 54 -67 66 -65 -64 59 0
-20 19 -18 17 -35 33 32 31 0
-4 -14 13 12 -26 -25 0
-47 46 44 42 57 -52 65 -64 0
47 -46 -44 -56 54 -67 -66 0
-29 23 -92 91 90 89 88 87 86 -22 0
-47 -46 -57 56 52 -65 -64 60 -59 58 0
-46 44 -56 -54 -62 59 -58 0
-44 -42 40 -52 50 -68 -66 65 58 0
59 -29 71 70 0
-8 7 -18 17 16 32 30 0
-9 -8 -7 -20 -18 16 37 -34 29 0
10 -8 -19 -18 35 -32 -30 -29 0
-38 52 -60 59 58 0
-46 44 -57 -56 54 50 64 -62 -61 59 0
56 -50 -69 -66 63 62 60 58 0
47 46 40 -56 -54 -52 -64 -59 0
44 -38 -57 -56 69 68 -64 62 60 58 0
46 -42 -54 52 -50 -48 -62 61 58 0
-95 -102 103 0
47 44 57 -67 -66 0
-9 -8 -7 -19 -31 -28 0
44 -42 -40 54 -61 -58 0
-10 20 17 35 -33 31 -30 -28 0
-63 61 33 -32 -75 -73 0
-46 44 54 52 69 67 -65 -64 0
-59 29 71 70 0
44 42 -57 56 -54 52 -67 65 60 58 0
6 -19 -18 17 -37 34 -33 -29 0
57 -56 -54 -52 -50 68 -63 59 -58 0
9 -19 -18 -36 -33 30 -29 28 0
-47 44 -42 -54 50 -48 68 -67 65 0
46 -44 -42 54 -52 -50 67 66 -65 0
-47 44 40 -57 -54 -52 65 -59 58 0
-20 -19 18 17 37 -35 34 30 -29 0
26 25 89 0
-47 44 42 -40 -57 56 -54 52 -67 64 0
-77 -73 25 24 23 22 93 89 0
99 -83 -98 0
-8 20 -19 36 -35 33 29 -28 0
79 66 36 78 0
7 -37 -36 33 -30 29 0
46 44 -42 -40 -56 -54 -62 -59 -58 0
47 -69 0
-44 -54 -69 65 -63 61 -60 -59 58 0
44 -42 54 -52 -67 66 -59 0
42 -56 -54 -69 66 -65 -60 58 0
-5 3 -14 -13 24 -22 -22 0
-50 -12 17 -49 0
-46 -56 50 69 -64 63 62 -60 59 -58 0
-47 -44 42 40 -56 -50 -65 60 -58 0
-46 57 48 -68 -65 61 60 -59 0
46 -42 -40 57 -56 -48 68 66 63 -61 -60 0
-44 40 -57 54 -52 -65 64 63 -59 0
64 62 -34 -33 -76 -74 0
-47 -46 38 -57 56 54 -64 -62 -60 59 0
-8 -20 -19 -18 16 36 32 -29 0
-40 38 -56 54 63 61 60 59 0
40 56 -54 -50 66 65 -64 -60 59 0
-9 7 -20 18 17 -34 -33 28 0
-61 -60 -31 -73 72 0
47 -44 -42 -56 54 -52 68 -66 -65 0
-44 42 -57 -56 54 50 48 -68 66 65 0
47 -44 -52 -48 63 60 59 58 0
-29 -24 -92 -91 -90 -89 -88 22 22 0
-29 -23 -92 -91 -90 -89 -88 -87 -86 22 0
47 46 -42 38 56 -54 63 -62 -60 -59 0
65 64 -78 -76 0
-44 -4 9 -43 0
-8 7 -20 18 37 -35 34 29 0
-20 17 37 36 32 -30 29 -28 0
-2 -13 25 24 23 22 22 0
-44 42 -54 50 61 -60 -59 0
46 44 42 40 -52 -68 65 58 0
-47 -44 -54 52 68 -66 65 -60 0
-9 7 19 -18 16 37 36 -32 -31 0
-65 -61 -35 34 33 32 -77 73 0
-65 -63 -35 34 -77 75 0
25 23 88 87 86 0
-77 -71 -25 24 23 22 22 22 -93 87 0
-63 -58 33 32 31 30 29 28 75 0
-64 35 78 76 0
-44 -40 56 54 -50 69 -65 -64 63 62 0
-56 -54 -50 -69 66 -65 60 -58 0
4 15 -26 -25 0
-76 -71 -24 23 22 22 22 -92 87 0
-5 3 -14 -13 12 25 -24 -23 0
44 42 -40 54 61 60 59 -58 0
71 70 -87 0
-47 46 44 -54 69 65 63 61 -58 0
-9 7 -18 16 -32 -31 30 0
-4 -2 -14 -13 -27 26 22 0
47 46 44 57 56 54 -64 0
-47 46 -42 40 48 68 67 64 60 -59 0
-44 -57 52 67 -65 64 63 -60 -59 0
-44 -54 -52 -50 -61 -58 0
-46 -44 -42 -54 -52 50 -66 -65 59 0
-40 -57 56 -54 69 67 65 -64 63 62 -61 58 0
-47 -46 40 38 -54 -52 50 63 61 -60 0
46 -44 57 -56 52 48 63 62 60 -59 0
-42 40 -56 -50 48 69 -68 66 -65 -63 0
-47 44 -57 -54 50 -48 -68 64 -60 59 0
-64 -60 -34 33 32 31 -76 72 0
-8 -7 -20 36 -34 33 -31 -30 28 0
9 6 -19 16 32 -30 0
10 7 19 18 -17 33 31 -30 0
-74 -71 -22 22 22 -90 87 0
-8 7 -16 30 28 0
-10 -8 18 -17 36 -35 34 0
46 42 56 -69 0
-42 54 -50 68 -67 -66 -65 64 -60 0
-61 59 31 -30 -73 -71 0
46 44 38 -56 -52 48 -63 62 61 0
-46 -42 -40 -57 -54 -50 69 68 65 0
63 -58 -33 32 31 30 29 28 75 0
-9 -7 -19 -18 -37 36 32 0
77 75 -24 -94 -91 0
-34 -101 105 0
-44 40 -57 56 50 48 63 -62 -61 0
-56 52 -50 -66 -65 64 62 59 -58 0
60 59 -30 -72 -71 0
85 100 0
-40 -50 69 68 -67 -66 -65 63 -62 60 0
-9 -8 -7 -20 16 -32 -29 0
46 38 57 56 54 -64 -61 60 -59 0
-46 -44 -42 -40 -50 -48 69 68 64 63 0
5 4 15 -25 0
-47 -44 42 -56 -50 69 -66 -64 -59 -58 0
9 -7 -6 20 -19 -18 -17 36 33 0
-4 3 2 -15 27 25 22 0
46 -40 56 54 -62 -61 -58 0
46 -44 -42 -56 52 50 67 64 63 58 0
-5 -4 -2 14 12 26 -22 22 22 0
-63 -59 33 32 31 30 75 71 0
-40 -69 -68 65 -64 59 0
-44 -42 -50 -48 -61 59 58 0
42 38 -56 50 48 63 -62 61 0
-47 46 -56 54 69 67 -66 0
-44 42 57 52 50 -68 66 -64 0
-47 -46 38 56 -54 63 -60 -59 0
-42 57 -56 -54 68 -64 63 -61 -60 59 -58 0
95 79 -26 -94 0
-9 8 -7 -6 20 -36 35 34 -32 0
81 -27 -98 0
46 -44 42 -67 66 64 62 61 -59 -58 0
5 10 -47 0
-46 44 -57 -56 48 -63 60 -59 0
-44 38 -52 -61 -59 0
44 -57 54 50 68 63 -62 59 -58 0
-47 -46 44 -42 -57 56 -54 -67 58 0
-27 26 -90 0
-56 15 20 55 0
-46 -44 42 -40 -57 52 68 -65 -62 59 58 0
-46 -44 57 56 52 -50 67 -65 63 0
25 93 92 91 90 89 -102 0
-40 -50 60 59 58 0
-47 -46 -44 -57 54 -50 -63 60 -58 0
-62 34 33 78 77 74 0
-47 -46 -44 42 56 54 -50 -48 65 -61 0
47 40 38 -54 52 50 63 -60 0
3 2 13 12 -26 -24 0
-47 57 56 -48 67 66 65 63 0
-47 57 56 -54 -50 -63 -62 -61 -59 -58 0
-46 -44 42 57 56 -52 -48 -67 64 0
44 -42 -38 57 -56 65 63 62 -59 0
47 46 57 56 -66 0
-47 -46 44 42 -56 -52 -50 -66 65 0
-65 63 35 -34 -77 -75 0
46 44 56 54 -67 0
-10 -9 -8 6 19 32 -29 0
44 56 -54 52 48 62 61 60 -59 0
-24 -23 -87 -86 22 0
-47 -40 52 69 65 63 60 59 -58 0
-44 38 56 50 48 63 -61 0
-13 -25 -24 23 -22 0
-47 46 -56 54 69 67 -64 0
-10 17 37 36 34 32 29 -28 0
3 -14 -13 24 -22 22 22 0
-46 40 57 -56 48 63 -62 -59 0
47 42 40 57 -56 -54 65 64 -63 0
5 15 -14 12 25 22 -22 0
72 71 -22 -88 -87 0
-42 56 50 48 62 -60 0
-40 -57 56 52 69 68 66 64 60 -59 0
30 23 92 91 90 89 88 87 86 -102 0
-44 -42 -40 -54 -61 -58 0
-44 42 -40 38 -57 -54 52 68 -64 -63 0
47 -42 -38 -54 -50 67 -64 -63 -62 -59 0
-47 -46 38 -54 -50 -48 63 -62 -61 59 0
9 8 -19 -17 -31 30 29 0
10 20 -36 0
46 44 42 40 -50 -48 -64 63 0
-4 -2 -15 -14 12 -24 23 0
-64 78 77 76 0
47 54 -67 65 -64 62 -60 -59 58 0
47 44 -40 -38 -54 65 64 63 62 -60 0
26 23 89 88 87 86 0
-10 -9 -18 17 -16 37 -35 -34 -30 0
42 54 -52 -50 -64 -61 60 0
-44 40 54 52 -61 -60 -59 0
15 55 -57 0
-42 -40 56 -52 -50 68 -67 -65 -61 0
-46 57 -54 -52 -68 67 66 0
-7 -19 17 -31 -30 29 0
-77 -71 25 24 23 22 22 22 93 87 0
9 8 7 -19 31 -28 0
10 6 19 -18 -17 -32 -29 0
44 -40 -57 56 66 63 -62 -60 -58 0
-62 -60 -32 31 -74 72 0
30 29 93 -22 0
77 70 -24 -23 -22 -22 -22 -94 0
-47 -44 40 -57 54 52 -50 66 -63 62 58 0
-46 44 42 54 -48 62 58 0
-8 -7 -6 -20 37 -34 -33 -30 29 0
25 94 93 0
7 -18 16 30 -29 0
76 71 24 -23 -22 -22 -22 92 -87 0
-47 44 -42 57 -52 -50 -66 -65 -60 0
-47 46 -57 -56 52 50 63 -60 -59 -58 0
47 44 40 56 52 -64 -63 59 0
47 -46 44 42 38 -56 66 -64 61 0
46 -42 40 52 -69 -66 65 0
-10 20 -17 16 36 35 33 0
-47 44 42 40 -54 50 -65 -64 58 0
-64 58 34 -33 -32 -31 -30 -29 -28 -76 0
-8 6 -18 16 -31 -30 0
40 -57 56 54 52 68 67 -64 59 0
-46 44 -56 54 -50 62 61 59 -58 0
-60 58 30 -29 -28 -72 0
-42 -54 50 69 -66 -65 63 62 59 -58 0
44 38 -54 48 62 -60 0
-5 3 15 -14 -13 12 -25 24 0
-4 14 -13 12 -22 -22 0
-47 46 -56 54 50 69 67 0
63 -33 32 31 30 29 75 70 0
-46 -44 -54 -52 67 65 64 63 -59 0
47 -40 38 57 -56 -54 -52 -50 -64 0
42 -54 50 67 64 63 62 -61 60 -59 0
35 78 77 0
46 -44 -42 38 56 48 -63 -60 0
-10 -9 -7 19 17 36 -32 31 30 0
47 -46 -54 -52 -48 66 64 63 61 59 0
-28 25 -91 90 89 0
73 71 22 -22 89 -87 0
-44 -56 -54 -52 -69 67 66 0
57 56 -54 67 66 63 -62 61 -60 -58 0
-44 42 40 -54 -61 -58 0
-5 14 -13 -12 25 23 -22 0
-5 -4 14 -12 27 25 24 0
-44 42 -52 50 48 63 61 60 0
-4 2 -15 -14 -23 -22 0
46 44 40 -38 -56 54 -52 67 -65 0
-4 -43 45 0
47 42 40 52 -68 66 65 -64 0
-64 -62 -34 33 -76 74 0
-4 3 2 -14 -22 0
-77 70 25 -24 -23 -22 -22 -22 -93 0
-46 -40 -56 54 -62 -61 -58 0
47 42 40 57 56 54 63 -61 -60 0
44 54 52 -69 -67 -66 0
-47 -46 -56 -54 52 68 -64 -59 58 0
4 -3 15 -14 -13 12 -23 22 -22 0
27 -96 98 0
-42 40 -57 56 69 66 64 63 62 -59 0
46 42 -57 56 68 -67 58 0
-50 -12 -17 49 0
-46 38 54 -52 -50 62 -59 0
47 -42 52 -50 -68 65 64 63 59 0
-44 -57 56 54 52 50 66 58 0
-44 -40 -57 52 69 67 65 -64 -62 60 58 0
-77 72 25 -24 -23 -22 -22 -93 -88 0
47 46 42 40 54 66 -64 60 0
-46 -42 -40 -56 -54 52 68 -65 64 0
-46 -42 -56 54 -50 48 63 62 61 0
-44 -57 -56 48 69 67 64 63 -59 0
46 -57 -56 -54 50 48 -64 -60 0
-7 -19 -18 -37 34 -33 29 0
44 -42 38 54 -52 -63 61 60 0
44 42 -56 52 -68 -67 -65 -64 59 58 0
-46 -42 -40 -50 -68 -66 -65 63 -61 -59 0
-46 54 50 69 -67 -66 63 62 -59 -58 0
-47 -46 42 -57 56 -52 -50 64 -63 -61 59 0
-65 -64 -35 -77 76 0
-8 -20 17 16 -32 -30 0
-9 20 17 34 -33 32 -29 0
-44 -42 -57 50 48 68 -64 62 -60 0
44 -42 56 -52 48 62 -61 -60 0
47 46 -42 -40 -38 -57 -56 66 64 0
-6 39 0
47 42 54 -68 -66 -65 -64 58 0
9 -8 -20 37 35 34 0
54 -50 -66 65 63 62 61 59 -58 0
67 -37 -82 0
46 42 -40 54 -52 68 67 65 -64 63 -62 0
42 57 54 52 50 -64 -63 58 0
46 -44 -56 -54 50 -68 -66 -65 0
-47 46 57 -52 48 68 67 65 -64 0
-46 44 -40 -57 56 -54 -64 60 -58 0
9 -8 -7 -19 18 17 35 -34 0
-46 -44 -42 -40 -57 -52 -64 60 59 0
40 54 50 48 -61 0
-4 3 15 -13 -25 -24 0
-46 40 38 -56 50 48 -64 -62 0
54 -14 -19 -53 0
-44 -42 -38 -56 -52 68 67 66 0
-46 -40 -57 -56 -54 -52 68 65 0
-46 44 -42 -40 56 -50 48 -63 -62 -61 0
-46 -44 38 -57 56 50 69 -63 61 -59 0
-8 6 -17 -30 -29 0
-5 -3 -15 -12 27 23 22 0
47 -44 42 57 -54 -66 -65 60 0
46 38 -56 -54 -52 48 63 -60 0
47 -46 44 40 -56 -54 52 -50 -64 59 0
-28 -23 91 -90 -89 -88 -87 -86 0
42 -57 56 -54 -50 69 65 -63 61 -60 0
-4 -15 -14 27 22 0
-46 44 -42 40 -57 -56 -52 -66 -65 0
-9 -8 -7 37 -36 32 -28 0
-47 -44 42 -57 54 -52 -68 -66 65 0
-63 60 33 -32 -31 -75 -72 0
-44 40 38 56 -54 52 64 -63 62 0
44 42 -40 -50 68 -66 65 64 63 -62 61 0
4 3 15 14 13 -12 23 -22 0
-47 -57 69 68 0
-47 46 -44 -42 57 -54 65 60 -59 58 0
-47 -44 -42 40 -57 56 -50 67 64 60 59 0
-74 -72 -22 22 -90 88 0
-46 44 -42 40 -56 -54 -66 64 62 58 0
8 7 18 17 -33 28 0
-46 -44 -42 57 56 50 -64 -59 0
-46 -44 57 56 52 50 -65 64 0
42 -57 -56 54 -48 67 -66 -64 63 58 0
-47 -46 -44 54 52 67 -66 0
74 -72 -22 22 90 88 0
28 25 91 90 89 0
62 -58 -32 31 30 29 28 74 0
64 -61 -34 33 32 76 73 0
42 -3 -8 -41 0
-46 -44 -42 52 -69 66 -65 58 0
3 -27 -24 22 22 0
46 -42 -56 66 65 64 -63 -59 -58 0
-76 75 24 -92 -91 0
-77 -75 25 24 93 91 0
9 7 -17 31 -30 29 0
-46 40 -56 69 66 65 64 -63 59 -58 0
-44 -40 57 54 -52 -50 -67 -66 65 0
-32 97 -103 0
46 40 56 54 -52 62 -61 60 -58 0
-9 8 -20 19 37 35 0
-37 36 34 33 31 -29 0
-46 -56 52 68 66 -64 62 61 -58 0
8 18 -30 -28 0
56 -69 -68 0
-4 -3 -15 -13 12 -24 23 0
75 -72 -23 22 22 91 88 0
-47 46 44 40 -54 48 66 -65 61 59 0
-82 84 0
42 38 -52 61 -60 59 0
-47 46 -44 -42 56 -54 -52 50 68 -65 0
-54 14 19 53 0
-8 -18 -17 -37 35 34 28 0
10 20 -19 17 35 32 -31 -29 -28 0
-30 24 -93 92 91 90 89 88 -22 0
-47 -44 -52 -48 -63 60 59 58 0
-5 15 -24 -23 22 22 0
-24 -93 -92 -91 -90 -89 -88 102 22 0
-46 44 -42 40 57 56 -54 -52 -48 -64 0
23 -86 22 0
-68 84 0
76 -72 -24 23 22 22 92 88 0
64 60 34 -33 -32 -31 76 -72 0
-46 -42 38 54 -52 -62 -61 -60 0
-10 20 17 -33 -32 -31 -29 0
47 42 56 -50 -66 65 64 -63 62 58 0
-47 46 -40 -56 54 52 64 -60 59 -58 0
-30 25 -93 92 91 90 89 0
46 -44 -50 -48 62 -61 59 58 0
-46 -40 -57 50 64 63 -60 59 0
-46 -44 -54 -52 68 67 66 0
-40 -38 57 -56 63 61 60 59 58 0
-42 40 -56 52 68 67 64 -62 -59 0
-25 24 -88 -22 0
40 -48 -59 58 0
-75 -74 -23 -91 90 0
2 7 -41 0
42 38 57 -52 68 -64 62 61 60 -59 0
-85 69 -84 0
-47 -46 57 -54 52 -67 -66 0
10 20 19 -35 0
66 -36 -80 0
-46 -44 -57 69 68 66 0
-47 -46 44 -57 56 -54 -52 -67 58 0
16 -49 0
46 -50 -48 -68 66 -63 62 -61 60 0
-46 44 38 54 -50 -62 61 60 -59 0
46 -42 54 52 -50 62 61 -59 58 0
47 42 40 54 -68 66 -60 0
-46 42 40 54 52 -50 64 63 -61 0
9 19 17 -35 -34 31 28 0
74 73 -22 -90 -89 0
-79 66 -36 78 0
5 4 15 14 -24 0
-9 8 -19 18 37 -35 34 0
-24 23 -87 86 -22 0
-25 -24 88 22 0
10 20 18 17 34 -32 29 -28 0
46 44 57 54 52 -66 0
-46 -44 38 -54 50 62 61 60 -59 0
-47 -40 56 -54 -52 -50 -48 69 63 -62 0
46 -42 -40 56 -54 63 -62 -61 -60 59 0
-61 58 31 -30 -29 -28 -73 0
-9 -7 -19 -18 31 -30 -29 -28 0
40 -57 56 52 68 -67 66 -64 59 0
-46 42 -57 -56 -52 48 -63 -60 -59 0
-47 38 -56 -63 62 61 -60 -59 0
2 -15 13 -12 -26 24 23 22 0
-73 72 22 -89 -88 0
-46 40 54 48 63 -61 59 0
-62 59 32 -31 -30 -74 -71 0
-8 -7 -20 -19 -18 36 35 33 0
-5 -3 13 -12 26 -25 24 0
44 -57 -54 52 50 68 67 -66 -63 0
-47 -46 42 52 48 69 68 64 -63 -60 0
-47 -42 -56 -50 69 68 66 -64 -61 0
-42 -52 -60 -58 0
-47 -38 -56 -54 -65 64 -63 60 -59 0
46 44 -57 56 48 63 -60 -59 0
-5 -3 14 -12 26 -24 -23 0
-8 -18 -30 -28 0
-5 2 -15 13 -12 27 22 -22 0
-44 42 57 -52 -50 -68 66 65 0
30 27 93 92 91 0
42 -56 -69 67 -65 64 -60 -59 -58 0
-46 -57 -56 52 48 63 -62 61 -60 -59 0
46 44 57 52 50 -68 0
47 -46 -44 -42 57 56 -50 -64 -63 0
46 44 57 -56 67 -66 0
107 -108 0
-47 -42 -57 -52 69 -64 62 61 0
-67 -80 82 0
9 6 18 -31 -29 0
-60 30 29 72 70 0
-72 25 24 23 22 22 94 88 0
-10 7 -20 17 35 -34 -33 28 0
-7 6 -17 30 29 0
57 56 52 -67 -65 -64 0
47 -46 -42 38 -57 52 -50 65 64 -63 0
-46 -44 -42 -57 -52 69 -65 -64 -59 0
74 -71 -22 22 22 90 87 0
10 -6 -20 18 -17 -33 32 -30 0
23 86 -22 0
-5 -15 14 -13 24 -23 22 0
-44 42 -54 52 68 67 66 64 0
10 6 -20 -19 33 30 -29 0
-40 -54 -52 67 65 -64 -63 -60 -58 0
9 8 -20 -17 -33 -29 -28 0
-10 9 -7 19 -17 -16 37 -32 31 30 0
46 57 56 52 66 -65 -64 0
46 40 -56 54 62 61 -58 0
64 59 34 -33 -32 -31 -30 76 -71 0
46 -40 -38 57 54 -67 66 63 58 0
40 -54 52 67 66 65 63 -60 -58 0
-47 38 56 -52 50 69 66 64 63 -60 0
-44 56 -54 -52 48 62 -59 0
-12 -49 51 0
77 75 -25 -24 -93 -91 0
8 7 6 -30 0
74 72 22 -22 90 -88 0
18 16 -37 33 31 -30 29 0
-60 -58 30 29 28 72 0
42 40 -57 54 52 -50 69 68 -65 -63 0
-5 27 24 23 22 22 0
-47 -46 -44 -57 69 66 0
-46 40 -54 -69 66 65 63 -62 -61 0
42 56 -54 -50 -69 65 64 61 -58 0
-44 40 50 -69 -67 -65 -64 58 0
-47 46 40 -56 54 48 -64 -62 -61 60 0
29 -24 92 -91 -90 -89 -88 22 22 0
-7 -17 -37 36 35 -33 31 0
-47 -46 -56 54 -68 -67 0
47 42 38 -56 -54 63 -62 -59 0
-46 -44 -57 54 52 48 -63 -60 -59 0
10 19 -36 -35 0
-46 -44 42 52 -69 66 -60 0
5 15 -26 0
-10 -8 -19 17 36 -35 34 32 -29 0
65 60 -35 -34 -33 -32 -31 -77 -72 0
46 -44 54 -52 67 66 64 63 -60 0
-9 7 -20 33 32 -31 30 -29 -28 0
-47 -46 -44 40 -56 -50 69 -65 64 -61 60 0
-2 -15 -13 -12 27 25 -23 0
-77 -73 -25 24 23 22 -93 89 0
47 -44 -42 -57 56 48 68 64 -60 -59 0
-46 -44 -42 -57 -54 52 69 -66 -65 0
46 40 38 -56 54 50 64 -62 61 0
-75 -71 -23 22 22 22 -91 87 0
-83 100 0
-47 56 -54 69 67 66 0
65 -78 -77 0
47 -46 38 -56 -54 50 -63 62 60 -59 0
-65 62 35 -34 -33 -77 -74 0
-9 -8 -7 20 -19 17 33 -32 28 0
-42 40 -56 -54 -52 -69 -66 58 0
76 73 -24 -23 -22 -92 -89 0
-5 3 -15 14 26 -25 0
-42 56 -54 -50 -69 67 -66 65 -63 58 0
44 38 -56 50 48 63 -61 0
-30 -93 92 91 90 89 88 87 -22 0
63 61 -33 -32 -75 -73 0
-46 -44 -42 -57 69 68 65 0
-46 44 -57 56 48 -63 -60 -59 0
-44 38 52 48 62 -61 60 0
46 44 -57 -54 52 48 -63 -62 61 -59 0
9 -7 6 19 -32 -30 29 0
-44 42 57 -54 -52 -68 -66 59 58 0
-46 -42 -57 -54 69 68 66 0
-9 8 20 -19 -16 35 33 32 -29 0
-46 42 40 -57 54 52 50 -66 -65 0
46 -44 56 50 -62 -61 -58 0
8 -19 -17 37 34 -33 32 31 -29 0
56 15 -20 55 0
-10 8 7 18 -17 33 -32 29 0
-47 44 -42 57 -56 54 52 -50 65 -64 0
47 -44 42 38 -54 -50 64 -62 59 0
44 -42 56 -54 68 67 66 65 64 63 0
50 12 17 -49 0
-44 -42 -40 -57 -52 50 -66 64 -62 58 0
-47 44 -57 -54 -52 -50 66 64 60 -59 0
47 44 -42 -52 50 67 -66 -64 -62 58 0
12 49 -51 0
-47 40 68 67 -66 -63 61 -60 -58 0
76 74 -24 -23 -92 -90 0
-9 -8 -7 -20 19 -17 37 -33 -29 0
60 -30 29 72 70 0
-47 -44 -57 54 -52 65 63 -60 -58 0
-47 44 -42 -57 54 -52 -66 65 63 -59 0
46 -57 54 -52 -48 -64 63 61 -59 58 0
-46 42 -56 54 52 50 66 65 0
81 -67 37 -80 0
42 -40 -56 -54 69 -67 63 -62 61 -58 0
75 72 23 -22 -22 91 -88 0
-10 -9 -16 37 36 35 -33 32 0
-10 19 18 36 -35 0
-6 19 18 -17 -36 -35 -33 -31 0
46 44 -42 -40 -57 -56 69 66 0
46 44 42 50 -48 -64 -63 59 0
44 42 40 52 -64 -62 59 58 0
-5 -14 -13 27 -25 22 22 0
-77 -75 -25 24 -93 91 0
75 74 -23 -91 -90 0
-44 -42 -40 -56 -52 -48 -69 68 67 65 0
-40 -57 56 -54 68 66 -63 -61 -60 -58 0
8 -20 19 17 36 -34 -33 28 0
46 40 56 54 -62 61 -58 0
36 107 -108 0
-40 -38 -52 -50 -60 58 0
63 -59 -33 32 31 30 75 71 0
47 42 40 -56 -54 -52 65 -64 0
46 -69 -68 0
-76 25 94 92 0
44 40 52 -48 -67 -65 -64 -63 -62 61 0
-46 44 -57 -54 52 48 63 -62 61 -59 0
46 -44 42 38 -57 -56 54 -52 69 -64 0
44 -42 -40 52 -64 -61 60 0
46 44 57 56 -54 66 -65 0
-2 -15 13 25 23 -22 -22 22 0
44 -42 -40 57 50 -63 -60 59 0
47 -44 -57 48 -64 62 -61 60 -59 0
-3 2 -27 -24 23 22 22 0
-83 68 -82 0
-46 44 -57 56 -54 69 66 -60 -59 0
-64 59 34 -33 -32 -31 -30 -76 -71 0
-46 57 56 -52 66 65 64 0
54 -14 19 53 0
26 -25 24 -22 22 -22 0
-7 20 -19 -17 -16 -35 34 31 30 0
-44 -42 -40 -56 48 -62 -59 0
-4 -3 -15 13 27 24 -22 0
46 38 56 54 52 48 -63 0
-47 -46 -52 -50 -48 -68 -63 60 58 0
-54 14 -19 -53 0
-4 -26 25 -23 -22 22 22 0
-83 -68 82 0
-4 3 -15 14 27 25 0
83 98 -100 0
-5 14 13 26 -25 0
-62 61 32 -74 -73 0
57 54 52 48 -68 -64 61 0
47 -46 44 57 -52 66 64 -61 60 59 0
5 14 -13 -24 -22 22 -22 0
46 44 42 38 -54 62 -59 0
-10 -20 18 -16 -34 -31 30 -29 28 0
-35 -106 107 0
-40 57 -52 -50 -48 -67 -66 -65 64 -60 0
44 38 50 -61 -60 59 0
-47 -44 -40 -56 54 65 64 62 59 0
-46 -40 -57 -56 -52 50 69 64 60 -58 0
-64 60 34 -33 -32 -31 -76 -72 0
9 -8 20 -19 18 -16 33 -32 -29 0
-27 25 -90 89 0
-44 -40 54 -52 -61 -60 -59 0
44 -40 -57 -54 48 69 67 -64 -63 62 -59 0
10 -9 -19 17 36 -32 -29 -28 0
46 -44 -42 56 54 -52 -48 67 64 62 0
-10 -8 -19 -18 17 -36 -35 29 0
-42 -40 -56 -54 -52 -50 68 66 65 0
44 57 54 52 50 -65 60 0
-10 9 -18 37 36 34 -33 28 0
46 -44 40 -54 -52 50 67 64 -63 58 0
-57 -56 -52 -50 69 68 63 -60 -59 -58 0
47 42 -38 56 -54 -52 -50 64 -63 -62 0
-31 -95 103 0
-47 40 -57 -56 54 48 -64 62 61 -59 0
-47 46 -38 56 -54 -52 -50 -65 -61 59 0
-47 44 -42 -54 50 -48 -67 -66 65 0
-75 -72 23 22 22 91 88 0
-56 -54 -52 -48 -69 65 63 61 59 0
-62 -59 32 31 30 74 71 0
10 9 -7 -6 -19 -18 34 -32 0
5 4 -2 -14 -13 24 -22 0
-46 -40 -57 -54 50 -67 65 -64 -61 58 0
46 -42 40 50 -65 64 63 -61 60 0
46 40 -56 -54 62 -61 -58 0
-46 44 -56 54 66 65 64 -61 -60 58 0
-47 -44 -38 -54 -52 68 67 -66 60 0
-10 -6 20 -34 -33 32 30 -29 0
-10 -20 37 33 29 -28 0
47 57 56 -67 0
-46 -44 -56 -54 52 50 62 59 -58 0
-46 -44 42 57 -54 -50 -68 65 -64 0
8 6 18 16 -31 0
47 -44 42 -57 50 -65 64 60 -59 -58 0
65 63 -35 -34 -77 -75 0
-47 -44 42 38 56 54 -63 -62 61 -59 0
-9 6 18 -17 16 32 30 0
-10 -6 -19 -18 37 -35 32 31 -29 0
-47 -44 42 54 -48 68 67 -66 -64 0
56 -54 -50 -68 -63 -62 -61 -60 -58 0
-4 -14 26 25 24 0
47 46 -44 38 54 63 62 61 -60 59 0
-47 -46 56 54 48 69 64 63 -60 0
10 7 19 18 -33 -32 29 0
-46 -44 -56 52 -50 62 -61 60 -58 0
-46 44 42 -56 54 52 66 58 0
-47 -42 57 -54 -65 64 63 62 -58 0
40 -38 -57 63 61 60 59 58 0
47 46 -40 57 -56 -64 -62 60 -59 -58 0
-56 15 -20 -55 0
30 24 93 92 91 90 89 88 -22 0
-46 38 -56 -54 -52 48 -63 -60 0
-46 44 -40 57 -67 -65 -64 63 61 0
-10 -8 19 -17 -16 36 -34 -33 0
-60 -59 -30 -72 71 0
-4 -15 -13 -12 27 26 23 22 0
-47 46 44 -57 56 68 0
44 42 56 -69 -66 61 0
9 20 -36 -35 0
44 -42 -52 50 -68 -65 -64 -62 59 0
46 42 -57 54 68 -67 -65 0
-46 -44 -52 -69 67 66 63 -61 -58 0
-47 -46 38 56 -52 65 63 60 -59 0
-64 -61 34 33 32 76 73 0
-64 -59 34 33 32 31 30 76 71 0
-47 -46 -42 40 -57 54 -52 -63 -62 -59 0
54 48 -69 68 65 64 63 -62 -60 0
-64 62 34 -33 -76 -74 0
-47 -42 -57 -56 -54 -52 48 -66 60 59 0
-9 -8 7 -20 -19 -18 37 34 29 0
44 -54 -52 -50 61 -58 0
-44 40 48 69 -68 -67 66 -64 -59 0
-7 6 -19 18 32 30 29 0
47 -46 44 -42 40 52 -66 64 -61 58 0
29 24 92 91 90 89 88 -22 -22 0
20 -37 0
10 -9 -7 36 35 33 30 29 -28 0
46 44 56 -54 50 62 -61 -59 -58 0
-9 -8 -18 -17 37 36 34 33 0
-46 40 57 -56 54 66 -63 62 60 -59 0
-47 40 56 -52 48 65 64 -63 62 -61 0
-10 -9 8 7 -18 -17 -33 -32 28 0
57 -56 -54 52 65 64 61 -60 59 -58 0
47 -44 42 -57 -50 -65 64 63 -60 59 0
-47 -44 56 -54 -68 67 0
47 -44 56 -52 -50 68 66 64 60 -58 0
79 94 -96 0
47 38 -68 65 64 63 -60 -59 0
60 58 30 -29 -28 72 0
30 29 -102 -22 0
10 7 6 18 -32 -30 0
10 9 7 -20 -19 -34 33 0
76 -25 -94 -92 0
7 6 18 17 16 -32 0
-47 -44 -42 56 -54 -64 -62 -58 0
-44 42 40 56 -65 -63 -62 -58 0
46 56 68 -67 -66 0
46 -42 -40 56 -52 -50 67 66 63 62 60 0
46 -44 42 40 -57 48 -63 -62 -60 0
-10 -9 20 -18 17 -35 -32 29 28 0
-8 19 16 31 -29 0
-46 44 42 -50 48 63 60 59 0
47 -46 -56 52 50 -66 62 -60 58 0
-71 -87 86 0
-4 14 -13 -26 -25 24 0
-44 42 -57 -54 48 -63 -62 -60 59 0
-46 5 -10 -45 0
47 42 -40 -57 68 67 65 64 0
-47 46 44 -42 57 -56 -52 -65 63 -60 0
-9 -19 36 35 34 0
73 70 -22 -22 -89 0
-71 25 24 23 22 22 22 94 87 0
12 17 -51 0
-10 -19 -18 36 -33 -31 29 -28 0
-47 -46 -42 -40 -38 57 68 -63 62 60 0
-6 -17 29 28 0
73 -25 -24 -23 -22 -94 -89 0
10 -7 -18 17 -34 -33 -32 31 0
-10 -9 8 19 -18 -17 37 -34 0
56 54 52 50 -68 -63 -58 0
44 -50 68 67 -66 64 -63 62 60 -58 0
42 -48 -60 59 58 0
-61 -60 31 73 72 0
4 -3 2 -15 14 26 24 0
42 50 69 -66 65 -63 -62 61 -59 -58 0
-44 42 -38 -56 -67 -66 -64 61 58 0
-62 -32 31 30 29 -74 70 0
-40 -38 -57 -56 54 52 50 -63 58 0
46 -42 38 -56 -54 69 68 63 60 -59 0
27 24 90 89 88 -22 0
63 58 33 -32 -31 -30 -29 -28 75 0
-47 44 -57 -56 54 -68 67 0
58 28 -70 0
47 -40 -38 -57 -56 54 52 50 -63 -62 0
4 14 13 12 -22 0
47 46 44 40 38 -54 63 -60 0
47 54 52 50 -63 -60 59 58 0
47 -46 44 -42 -56 -54 -50 -48 -63 -62 58 0
-4 3 26 -24 23 22 22 0
-47 -46 -42 -40 56 50 -67 65 59 0
-10 -7 -20 -18 17 37 31 28 0
-47 46 42 57 -54 50 68 66 -64 0
-7 -20 18 35 33 -32 -31 30 0
31 95 -103 0
-47 -57 -56 69 67 0
-46 -44 -52 50 68 67 -65 -60 59 -58 0
77 71 -25 -24 -23 -22 -22 -22 -93 -87 0
9 -20 16 32 -31 30 -29 0
-63 -60 -33 32 31 -75 72 0
-10 9 -8 -6 -18 37 33 -32 -31 -29 0
-52 13 -18 -51 0
-47 -46 -42 -40 -56 -54 50 69 -65 64 0
-47 40 38 54 52 50 63 -60 0
61 -59 -31 30 73 71 0
-5 -4 -15 -14 27 0
10 8 19 35 -34 -33 0
-10 7 6 -19 16 -33 -31 0
-9 -7 20 -19 17 -33 32 -30 0
-15 14 -13 12 -25 23 22 22 0
44 -4 -9 -43 0
44 54 -52 50 -69 65 61 58 0
-36 78 -80 0
-18 -51 53 0
75 -73 -23 22 91 89 0
97 -81 27 -96 0
42 38 -50 60 -59 0
-5 4 -13 12 27 26 24 0
-44 -38 -56 -54 52 48 62 -61 -60 0
44 40 -38 -57 56 68 -66 -63 -60 0
-63 34 78 77 75 0
4 3 2 14 -22 0
-8 7 -20 -19 37 -35 -34 33 0
-46 -5 10 -45 0
-46 -44 42 56 50 -48 -65 64 60 59 0
9 20 18 35 -34 -33 0
38 -57 -56 54 50 69 67 -64 -60 -59 0
-47 42 -40 52 -50 -48 -68 67 65 64 0
-65 -58 -35 34 33 32 31 30 29 28 -77 0
-46 -44 -42 -57 50 64 -63 -59 -58 0
-46 42 40 -57 56 -64 63 -62 -60 0
16 -28 0
15 -13 -12 25 -23 22 -22 -22 0
-46 42 57 -52 48 64 63 62 61 0
-3 -14 -12 27 25 24 23 -22 0
-47 44 42 -57 -50 66 -64 63 -60 59 0
-10 20 18 17 35 -34 0
-47 46 42 -40 56 -52 -50 68 64 -61 58 0
-9 -20 16 37 36 -33 -31 30 29 0
-57 -56 54 52 64 63 62 60 -58 0
40 -57 54 69 68 67 65 -64 -63 0
9 8 -18 17 -36 34 28 0
47 -42 -40 -56 -54 -52 -68 66 0
-97 -81 27 96 0
-46 -50 -68 66 63 -62 60 -58 0
-47 -44 40 38 54 -52 50 -63 -62 -60 0
75 70 -23 -22 -22 -22 -91 0
-76 73 24 -23 -22 -92 -89 0
44 -57 56 -50 48 68 67 -64 62 -61 60 0
46 -44 56 -54 50 62 61 59 -58 0
46 -40 -38 -57 56 50 -64 63 -60 0
46 44 56 54 -62 -59 -58 0
-47 -46 -44 -42 50 69 65 -64 0
-46 -56 -54 -52 68 67 64 0
10 45 -47 0
-46 -52 -67 64 -63 -62 61 -60 59 0
-46 44 42 38 -56 -63 -60 59 0
44 -42 -40 -54 61 -58 0
9 8 19 -35 30 29 0
-10 -9 7 -19 -17 -16 -34 33 0
76 70 -24 -23 -22 -22 -22 -92 0
-10 -9 20 16 33 30 -29 0
-10 19 18 17 -33 -29 -28 0
42 54 48 -61 -59 0
-4 -3 -2 -14 -22 0
46 -42 -57 -56 52 -50 65 63 61 0
-5 -4 27 26 25 -23 22 0
-75 73 23 -22 -91 -89 0
-46 44 -38 57 56 -52 -63 62 60 58 0
44 -56 54 -52 48 -62 -61 -60 -59 0
-10 19 -18 -17 35 33 -31 0
10 8 -20 35 -34 -33 0
47 -46 38 -56 54 63 60 -59 0
-61 31 30 29 73 70 0
-46 -44 -56 -54 69 67 66 0
-47 -46 44 -54 -52 50 69 68 -66 0
-42 52 48 61 -60 59 0
5 3 -2 15 -12 24 -23 -22 0
5 -3 2 14 -12 25 -23 -22 -22 0
73 72 -22 -89 -88 0
42 -40 54 -68 -64 -63 -60 -58 0
-29 25 -92 91 90 89 -22 0
-63 -59 -33 32 31 30 -75 71 0
-32 -97 104 0
46 -42 57 -56 54 64 -63 -62 60 58 0
47 42 57 -54 52 -66 65 -64 0
61 58 31 -30 -29 -28 73 0
-8 -19 37 -36 32 -31 29 -28 0
67 80 -82 0
44 42 54 52 -68 -66 0
-9 20 -18 -17 35 34 32 0
44 42 57 52 48 -68 -64 -60 0
59 -58 -29 28 71 0
-22 -33 99 -104 0
47 40 57 54 52 50 66 -63 0
-10 8 -19 -18 34 -32 -30 -29 0
24 -87 22 -22 0
38 -58 0
-75 25 24 94 91 0
-46 38 -57 54 -52 -64 -63 -61 -59 0
38 54 68 -67 64 -63 61 -60 59 0
4 3 -2 14 -12 22 22 0
-46 -40 -38 -57 -56 -54 52 -50 69 -65 0
85 -69 -84 0
-9 6 20 17 16 33 -31 0
4 3 2 -14 22 0
42 -56 -54 52 -68 -67 66 -64 0
29 26 92 91 90 -22 0
42 -56 50 48 62 -60 0
-65 78 77 0
-10 19 18 17 32 -29 28 0
-46 -42 -40 54 -50 -69 67 -65 58 0
-47 46 42 -54 50 68 63 -61 -58 0
38 -57 -56 -54 -52 48 -65 -60 0
5 3 -15 25 -24 -23 0
-60 -59 30 72 71 0
79 66 -36 -78 0
-72 -71 -22 -88 87 0
46 42 40 38 52 48 -63 0
-6 -18 17 30 28 0
8 -7 -20 16 37 -35 33 -32 30 0
-5 4 -2 -15 14 25 -22 0
68 66 -65 -64 63 62 61 -60 -58 0
-9 6 19 16 32 -30 0
-47 46 -44 57 -52 50 -66 -63 -59 -58 0
-42 -3 8 -41 0
-46 -42 -57 56 52 66 65 -63 61 -59 0
-47 46 -44 42 52 -67 65 -62 59 58 0
-47 -46 44 42 52 -50 -48 69 68 -64 61 0
-46 44 42 40 -54 52 50 65 0
-44 54 -52 -50 61 -58 0
42 40 38 52 50 48 -63 0
-8 6 -19 17 -36 -35 34 -33 0
-46 42 -56 52 67 -65 64 -60 0
-7 18 16 30 -29 0
-34 -105 106 0
-46 -42 57 -56 48 68 -64 62 60 -59 0
-9 -19 -35 34 -33 32 -31 -29 0
-47 42 -56 -50 -48 69 66 -65 -61 -60 0
46 -40 57 -56 48 63 -62 61 -60 -59 0
-40 -50 69 -68 67 -64 -62 61 -59 0
7 -20 37 36 35 34 -33 0
-47 -46 -40 -56 -52 -48 69 -67 -64 0
-44 -40 57 -56 -54 -52 50 67 -64 59 0
64 58 34 -33 -32 -31 -30 -29 -28 76 0
47 44 42 -57 67 -66 0
46 44 42 57 -56 67 -65 0
57 -69 0
-47 44 42 -57 50 -63 -62 59 -58 0
-46 -44 -56 54 -52 62 -60 -59 -58 0
30 23 93 92 91 90 89 88 87 86 0
47 -44 40 56 -50 -64 -63 61 -60 58 0
30 28 93 92 0
-10 8 19 17 36 34 -33 29 0
-46 -57 -56 69 68 66 0
-46 -44 40 -56 -52 -50 69 67 -65 64 0
-10 9 -7 -20 19 35 -30 -28 0
-9 -20 -18 -17 37 36 33 30 0
93 92 91 90 89 88 87 -102 -22 0
-9 -8 -7 16 37 36 32 -29 0
-36 -107 0
-44 -57 56 54 50 48 -63 -60 0
47 -46 -57 56 -64 60 59 -58 0
-30 29 -93 -22 0
-46 44 -40 56 54 -62 61 59 0
-72 24 23 22 22 94 93 88 0
-10 9 20 17 16 35 -33 0
-47 40 38 -56 -54 64 -61 -60 0
-42 40 38 -54 52 50 63 60 0
-3 -2 -12 27 25 24 22 22 0
47 44 42 40 -57 67 -65 0
-42 -40 -50 -48 -60 58 0
5 -4 15 14 12 23 -22 0
9 -37 -36 0
5 -4 14 13 25 -24 0
-47 -57 69 65 60 -59 -58 0
40 -57 54 68 -67 66 -63 -59 -58 0
-46 -44 -42 40 -38 -56 54 -69 63 62 0
44 40 -57 56 50 48 63 62 -60 0
-46 -57 56 -54 69 -63 -61 60 -59 -58 0
-9 8 7 -19 -31 -28 0
-47 46 -56 54 50 63 -62 60 -59 58 0
-47 -46 44 40 54 -52 -50 -65 61 58 0
-46 56 -54 52 66 64 63 62 -60 0
42 -57 -54 69 67 -66 65 -60 0
-47 -44 -56 -50 66 65 -62 61 59 -58 0
44 57 52 50 66 -65 -63 -60 -59 58 0
-10 9 -20 19 17 36 0
-47 -46 44 42 -56 -54 52 50 -66 -65 0
-47 -44 38 54 -52 63 62 -60 59 0
62 59 32 -31 -30 74 -71 0
46 -44 -42 -57 69 67 65 0
46 56 54 -67 -66 -65 0
-47 46 -44 -54 52 -67 66 63 -60 58 0
106 -107 0
8 18 -37 35 34 28 0
-46 40 -56 50 65 64 63 -61 58 0
-46 42 40 56 -68 67 -65 58 0
-46 -42 -40 57 -54 -50 -48 67 65 64 0
-10 -9 -20 18 16 -33 32 30 -29 0
47 -44 40 38 -54 -52 50 -63 -62 -60 0
56 54 65 -64 63 62 61 -59 -58 0
-44 -42 -40 54 61 -58 0
-4 2 -15 23 22 -22 22 0
-44 38 56 52 48 69 68 -67 66 64 -61 0
44 54 -61 -60 59 -58 0
-46 -54 -52 -48 68 67 66 62 -60 0
-8 -20 19 18 37 36 34 28 0
47 46 42 -56 54 -66 65 0
-46 -44 57 -52 67 65 63 -62 60 -58 0
-65 -62 -35 34 33 -77 74 0
-44 -38 -57 -54 64 -63 62 -61 59 0
-46 -44 -50 -69 68 66 -62 61 60 -59 0
18 51 -53 0
95 -79 26 -94 0
-44 56 -52 -69 -65 62 61 -60 59 0
-59 58 29 -28 -71 0
46 57 54 67 -66 -65 0
5 -4 -3 -2 15 -12 -23 -22 0
-97 81 27 -96 0
-42 -40 -56 -50 -69 66 -64 63 -61 59 0
-30 28 -93 92 0
-5 -3 -15 13 -12 -24 22 0
-46 -57 52 -68 67 -65 64 -59 -58 0
-4 -3 -14 -12 22 -22 0
8 6 19 17 16 -32 0
-29 -24 92 -91 -90 -89 -88 -22 22 0
-46 44 -57 -56 -68 -67 0
4 -2 15 13 -24 -23 22 0
44 -42 40 54 52 61 -59 0
-46 44 56 54 62 -59 -58 0
-58 34 33 32 31 30 29 28 78 77 0
46 42 54 48 -69 -66 59 0
-46 -42 40 -57 48 -67 66 64 -63 -62 0
44 -42 -56 52 -68 -65 64 62 61 0
22 -33 99 104 0
-64 -63 -34 -76 75 0
-40 -57 -56 -54 69 67 63 60 -58 0
47 46 44 54 -48 -63 59 58 0
-13 27 24 23 22 22 0
23 93 92 91 90 89 88 87 86 -102 0
-77 94 93 0
-47 46 38 56 -54 63 60 -59 0
-56 69 -67 66 64 63 61 -60 59 -58 0
47 46 44 -40 -38 -57 54 64 -63 -61 0
57 -54 -50 64 -63 62 -60 -59 -58 0
-46 -44 -57 -56 68 67 0
62 60 -32 -31 -74 -72 0
-59 -29 -71 70 0
61 -60 -31 73 72 0
-46 -40 -56 -54 -62 61 -58 0
-38 -6 0
-42 50 -48 60 58 0
-79 -66 36 78 0
46 -42 56 54 -50 62 61 59 -58 0
9 -8 -7 -19 -17 -16 35 34 0
22 33 -99 104 0
-26 94 -96 0
-46 44 -56 54 69 -67 66 58 0
44 42 -40 -57 -56 -54 69 68 63 0
-8 7 -37 -34 33 31 30 0
